1 0.009375 0.371875 0.01875 0.228125
1 0.43828125 0.7546875 0.07734375 0.24921875
1 0.73828125 0.29765625 0.059375 0.1828125
2 0.65390625 0.45859375 0.053125 0.22265625
2 0.4109375 0.465625 0.0609375 0.1796875
2 0.53046875 0.3171875 0.0484375 0.1609375
2 0.60234375 0.36796875 0.05 0.20703125
3 0.11484375 0.44453125 0.04921875 0.22578125
2 0.15859375 0.4296875 0.0453125 0.23359375
3 0.203125 0.60859375 0.07578125 0.22578125
3 0.5375 0.6203125 0.06640625 0.2359375
3 0.30625 0.38515625 0.078125 0.19609375
3 0.21640625 0.44609375 0.07578125 0.11796875
0 0.2078125 0.35234375 0.02734375 0.02734375
4 0.1546875 0.23671875 0.03671875 0.04765625