1 0.05625 0.3546875 0.04375 0.14375
1 0.4484375 0.753125 0.06015625 0.2609375
2 0.715625 0.4078125 0.05546875 0.1984375
1 0.70390625 0.315625 0.03828125 0.171875
2 0.5953125 0.45390625 0.05703125 0.2453125
3 0.5359375 0.4390625 0.07421875 0.2109375
2 0.50703125 0.41796875 0.034375 0.2109375
3 0.23125 0.40078125 0.053125 0.1484375
2 0.25625 0.296875 0.0671875 0.17578125
2 0.3390625 0.60234375 0.04609375 0.1796875
3 0.40859375 0.5703125 0.0625 0.2140625
3 0.31640625 0.496875 0.0390625 0.159375
3 0.35 0.40390625 0.0546875 0.21015625
0 0.33046875 0.5890625 0.02265625 0.03828125
4 0.196875 0.23984375 0.03515625 0.04609375