0 0.83671875 0.4140625 0.0265625 0.05390625
1 0.753125 0.67265625 0.05859375 0.25234375
2 0.53125 0.51875 0.04921875 0.20078125
2 0.809375 0.5828125 0.04140625 0.2125
2 0.7625 0.41015625 0.046875 0.19609375
2 0.60546875 0.41640625 0.0546875 0.21796875
3 0.53046875 0.3515625 0.034375 0.15078125
2 0.5578125 0.36796875 0.0328125 0.17109375
1 0.2625 0.39765625 0.03828125 0.1875
3 0.4 0.5640625 0.05390625 0.25078125
3 0.4625 0.34140625 0.04296875 0.1765625
3 0.84296875 0.5890625 0.03046875 0.2234375
4 0.7921875 0.24296875 0.028125 0.03984375