2 0.3375 0.396875 0.0546875 0.14453125
0 0.3203125 0.38984375 0.0203125 0.04375
1 0.14609375 0.47890625 0.04921875 0.240625
1 0.6546875 0.8703125 0.06875 0.25859375
1 0.8046875 0.3703125 0.04453125 0.19765625
3 0.9703125 0.56171875 0.059375 0.2578125
3 0.60234375 0.67734375 0.08515625 0.303125
3 0.359375 0.60546875 0.0484375 0.2109375
3 0.4609375 0.43046875 0.0671875 0.18984375
3 0.3796875 0.48046875 0.0640625 0.15390625
2 0.3421875 0.8359375 0.0875 0.328125
2 0.80859375 0.76015625 0.08515625 0.29765625
2 0.74453125 0.46015625 0.06171875 0.23984375
2 0.6640625 0.575 0.09140625 0.28828125
4 0.29765625 0.3234375 0.0484375 0.08125