3 0.80625 0.65078125 0.05546875 0.221875
3 0.33828125 0.58046875 0.04296875 0.215625
3 0.425 0.3640625 0.03984375 0.1765625
3 0.54609375 0.38515625 0.03984375 0.21875
2 0.58671875 0.38984375 0.034375 0.19609375
2 0.63203125 0.4265625 0.05625 0.23203125
3 0.68125 0.37109375 0.04921875 0.18203125
2 0.8359375 0.61875 0.04609375 0.25546875
2 0.49765625 0.53203125 0.06015625 0.2484375
2 0.72734375 0.40703125 0.065625 0.225
1 0.69765625 0.68828125 0.0671875 0.26875
1 0.24140625 0.40390625 0.0609375 0.20546875
0 0.80078125 0.12578125 0.02421875 0.0421875
4 0.78359375 0.2484375 0.02578125 0.0421875