3 0.67734375 0.628125 0.10859375 0.24140625
0 0.64140625 0.58671875 0.02578125 0.03828125
1 0.2265625 0.384375 0.06015625 0.240625
1 0.8 0.75078125 0.07890625 0.25625
1 0.759375 0.3765625 0.06015625 0.159375
2 0.88359375 0.57109375 0.0609375 0.21171875
2 0.56015625 0.4578125 0.05546875 0.20234375
2 0.64296875 0.4109375 0.04765625 0.19609375
2 0.76171875 0.55859375 0.06484375 0.2546875
3 0.41328125 0.42578125 0.08515625 0.18359375
3 0.4890625 0.52421875 0.08515625 0.23359375
3 0.5203125 0.3328125 0.04609375 0.2015625
4 0.80703125 0.275 0.028125 0.05390625