3 0.20546875 0.6140625 0.05078125 0.22734375
2 0.1546875 0.42734375 0.0640625 0.20546875
0 0.20859375 0.490625 0.034375 0.03203125
3 0.0953125 0.43359375 0.0578125 0.2515625
3 0.56484375 0.6484375 0.06640625 0.27734375
3 0.3375 0.38671875 0.08671875 0.19375
2 0.54921875 0.30703125 0.0453125 0.1640625
2 0.6140625 0.3578125 0.03828125 0.196875
2 0.68203125 0.434375 0.05859375 0.22890625
2 0.3875 0.47421875 0.053125 0.21640625
1 0.7546875 0.278125 0.0609375 0.1578125
1 0.44296875 0.7046875 0.0515625 0.17734375
4 0.15078125 0.22421875 0.04375 0.03125