2 0.5171875 0.65625 0.0890625 0.20546875
0 0.4875 0.696875 0.01875 0.03671875
3 0.1765625 0.4046875 0.0375 0.21171875
3 0.3421875 0.4203125 0.040625 0.2015625
3 0.3984375 0.50703125 0.08125 0.21796875
3 0.48515625 0.52734375 0.07734375 0.11015625
2 0.45859375 0.4 0.05 0.22578125
3 0.5046875 0.41875 0.04609375 0.184375
2 0.67734375 0.440625 0.0515625 0.18671875
2 0.565625 0.5 0.0734375 0.240625
1 0.42421875 0.76875 0.09296875 0.26796875
1 0.6328125 0.3140625 0.04609375 0.18359375
2 0.159375 0.31015625 0.03671875 0.128125