1 0.41953125 0.74140625 0.0625 0.259375
2 0.6765625 0.3953125 0.0484375 0.2109375
1 0.70625 0.325 0.0390625 0.14921875
1 0.04609375 0.384375 0.05625 0.18515625
2 0.56171875 0.465625 0.04765625 0.27265625
2 0.459375 0.40859375 0.04296875 0.16328125
2 0.3140625 0.2890625 0.07734375 0.17890625
3 0.2421875 0.49921875 0.05 0.246875
2 0.2828125 0.5484375 0.05234375 0.240625
3 0.4875 0.45234375 0.0453125 0.196875
3 0.32734375 0.559375 0.03671875 0.21953125
3 0.22421875 0.40625 0.0390625 0.1921875
3 0.2921875 0.39609375 0.0453125 0.11171875
0 0.3 0.4125 0.0265625 0.03515625
4 0.1953125 0.23984375 0.034375 0.03046875