3 0.21640625 0.31484375 0.0359375 0.11015625
2 0.2734375 0.4203125 0.059375 0.1265625
0 0.259375 0.29453125 0.02109375 0.02890625
3 0.18515625 0.4703125 0.046875 0.20390625
3 0.23046875 0.57421875 0.05 0.23984375
3 0.38984375 0.46015625 0.053125 0.2203125
2 0.4984375 0.4421875 0.06640625 0.2265625
2 0.5984375 0.378125 0.0578125 0.2234375
2 0.33671875 0.42421875 0.06171875 0.2453125
2 0.36484375 0.2609375 0.04921875 0.1375
1 0.36875 0.75625 0.096875 0.3046875
1 0.65703125 0.3125 0.0375 0.1703125
4 0.14921875 0.2375 0.04140625 0.04140625