3 0.13828125 0.38828125 0.0390625 0.2203125
2 0.1734375 0.39609375 0.0234375 0.2125
0 0.19453125 0.23671875 0.0234375 0.0375
1 0.0109375 0.3734375 0.01640625 0.17578125
1 0.40390625 0.734375 0.04765625 0.22734375
1 0.70078125 0.29140625 0.0390625 0.14296875
3 0.2125 0.61171875 0.046875 0.240625
3 0.49609375 0.55625 0.040625 0.240625
3 0.2296875 0.415625 0.0296875 0.1953125
3 0.28125 0.34921875 0.04921875 0.16953125
2 0.4265625 0.4140625 0.04453125 0.19765625
2 0.5265625 0.2921875 0.02890625 0.1484375
2 0.60703125 0.44140625 0.0359375 0.2203125
2 0.596875 0.31796875 0.021875 0.1125
4 0.15234375 0.23125 0.034375 0.04765625