3 0.1765625 0.63984375 0.05078125 0.3109375
3 0.51875 0.74609375 0.0765625 0.296875
3 0.4390625 0.41015625 0.0609375 0.22734375
2 0.7328125 0.53671875 0.04140625 0.23515625
3 0.7625 0.45546875 0.04375 0.1609375
2 0.88203125 0.63125 0.046875 0.25234375
2 0.26484375 0.51953125 0.04296875 0.2140625
2 0.85703125 0.4375 0.03984375 0.19375
2 0.78125 0.45078125 0.0359375 0.2296875
1 0.74921875 0.73203125 0.065625 0.278125
1 0.80234375 0.371875 0.0375 0.16484375
0 0.2421875 0.42265625 0.03828125 0.21015625
4 0.8625 0.26015625 0.02890625 0.04765625