0 0.20546875 0.33203125 0.02265625 0.03515625
2 0.40546875 0.4609375 0.06171875 0.1859375
2 0.1578125 0.425 0.04296875 0.2546875
2 0.5296875 0.309375 0.046875 0.17890625
2 0.60078125 0.3625 0.0484375 0.178125
2 0.64765625 0.45 0.06171875 0.2125
1 0.7296875 0.29453125 0.05 0.16328125
1 0.42734375 0.75703125 0.05546875 0.2640625
3 0.53203125 0.62578125 0.06171875 0.2671875
3 0.2984375 0.39140625 0.0703125 0.178125
3 0.19765625 0.61953125 0.06953125 0.24296875
3 0.10546875 0.44609375 0.0515625 0.228125
3 0.2125 0.4421875 0.05 0.12421875
4 0.1546875 0.24140625 0.03359375 0.0640625