2 0.73203125 0.46640625 0.046875 0.18203125
0 0.7203125 0.434375 0.021875 0.053125
3 0.14375 0.42578125 0.04765625 0.21640625
3 0.31171875 0.39609375 0.0453125 0.2171875
3 0.41796875 0.46953125 0.05625 0.234375
3 0.5 0.51953125 0.05234375 0.1265625
2 0.5265625 0.4953125 0.06875 0.22109375
3 0.5203125 0.34921875 0.03671875 0.09140625
2 0.6078125 0.49453125 0.04296875 0.18515625
2 0.3671875 0.35 0.059375 0.21328125
2 0.0875 0.3921875 0.0546875 0.22890625
1 0.421875 0.76015625 0.07265625 0.25078125
1 0.61484375 0.3296875 0.04140625 0.17265625
4 0.09609375 0.25859375 0.04375 0.0484375