1 0.41328125 0.74921875 0.0796875 0.25625
1 0.6125 0.31328125 0.053125 0.18125
2 0.72421875 0.46484375 0.05703125 0.19296875
2 0.63203125 0.5078125 0.078125 0.21328125
3 0.50234375 0.52890625 0.04375 0.1125
2 0.52421875 0.5015625 0.06640625 0.1921875
3 0.40625 0.46171875 0.075 0.22421875
2 0.38125 0.346875 0.040625 0.20234375
2 0.0890625 0.390625 0.05546875 0.2484375
3 0.51875 0.36328125 0.0609375 0.1015625
3 0.31328125 0.37578125 0.05078125 0.21953125
3 0.14609375 0.4109375 0.06796875 0.22890625
0 0.68515625 0.43671875 0.01484375 0.03515625
4 0.09765625 0.24296875 0.0375 0.05546875