3 0.49453125 0.35234375 0.05078125 0.16640625
0 0.490625 0.24921875 0.02265625 0.04375
1 0.30703125 0.4015625 0.05703125 0.2015625
1 0.871875 0.6953125 0.05078125 0.2421875
1 0.759375 0.37421875 0.03671875 0.1640625
3 0.4578125 0.5828125 0.07109375 0.24375
3 0.92421875 0.65859375 0.05703125 0.24296875
2 0.553125 0.37421875 0.04609375 0.16875
3 0.59375 0.40859375 0.05 0.1453125
2 0.85625 0.5109375 0.05859375 0.15546875
2 0.609375 0.5640625 0.059375 0.20546875
2 0.63203125 0.41328125 0.03828125 0.1828125
2 0.6796875 0.4171875 0.04921875 0.21328125
4 0.8078125 0.2703125 0.02734375 0.05625