0 0.25390625 0.27578125 0.01953125 0.03828125
1 0.65546875 0.30859375 0.0390625 0.16484375
2 0.60234375 0.365625 0.05546875 0.18046875
2 0.49921875 0.4421875 0.065625 0.23046875
2 0.33046875 0.41875 0.05625 0.228125
3 0.38984375 0.47109375 0.0578125 0.21875
2 0.36484375 0.2796875 0.0421875 0.1515625
2 0.2703125 0.44453125 0.05625 0.203125
3 0.2296875 0.57734375 0.040625 0.25
1 0.36171875 0.7390625 0.06484375 0.24140625
3 0.1875 0.4671875 0.05390625 0.18828125
3 0.221875 0.31484375 0.04140625 0.09296875