2 0.70390625 0.4828125 0.0578125 0.23359375
0 0.69296875 0.428125 0.015625 0.03984375
1 0.59609375 0.3515625 0.05546875 0.18828125
1 0.40546875 0.78671875 0.07421875 0.28203125
2 0.49609375 0.50546875 0.05390625 0.2375
3 0.42265625 0.490625 0.0515625 0.2125
2 0.45546875 0.43828125 0.04921875 0.1625
2 0.35859375 0.3921875 0.05234375 0.20859375
2 0.0421875 0.45625 0.0578125 0.2359375
3 0.27578125 0.4375 0.05625 0.23515625
3 0.0984375 0.48203125 0.06875 0.23125
3 0.52734375 0.45234375 0.03125 0.1765625
4 0.05546875 0.28515625 0.040625 0.05546875