3 0.25625 0.53359375 0.05 0.2375
2 0.28671875 0.55390625 0.0625 0.24609375
3 0.30234375 0.38984375 0.05 0.09453125
0 0.30234375 0.43046875 0.01953125 0.03515625
2 0.690625 0.39296875 0.04296875 0.20625
1 0.7046875 0.28515625 0.0390625 0.09765625
1 0.41875 0.74765625 0.06640625 0.28125
1 0.0484375 0.38671875 0.05234375 0.18046875
2 0.56796875 0.45546875 0.06875 0.2296875
3 0.50234375 0.46953125 0.075 0.2171875
2 0.47421875 0.390625 0.03359375 0.11875
2 0.296875 0.28828125 0.04375 0.15
3 0.34140625 0.553125 0.05546875 0.24453125
3 0.21796875 0.4265625 0.0484375 0.1859375