2 0.2328125 0.38671875 0.05703125 0.1296875
2 0.45390625 0.503125 0.065625 0.2140625
2 0.61640625 0.3265625 0.04765625 0.20859375
2 0.77421875 0.4421875 0.075 0.23046875
2 0.6671875 0.3828125 0.0625 0.16796875
3 0.7171875 0.67578125 0.11640625 0.27265625
3 0.45390625 0.34140625 0.053125 0.15
3 0.11015625 0.44296875 0.0734375 0.228125
3 0.20234375 0.56875 0.0609375 0.21640625
3 0.24296875 0.5328125 0.04375 0.2046875
1 0.50078125 0.7515625 0.0796875 0.22578125
1 0.8296875 0.2953125 0.05703125 0.140625
4 0.1515625 0.24375 0.03984375 0.05390625