3 0.10078125 0.42890625 0.046875 0.2359375
3 0.58671875 0.65234375 0.07421875 0.28125
3 0.20625 0.6203125 0.05546875 0.23984375
3 0.21796875 0.471875 0.05 0.12890625
3 0.35859375 0.37734375 0.05 0.1796875
2 0.16015625 0.4203125 0.05390625 0.228125
2 0.3921875 0.48203125 0.0703125 0.23125
2 0.553125 0.3140625 0.0375 0.1703125
2 0.7015625 0.4421875 0.059375 0.2171875
2 0.61953125 0.3578125 0.05390625 0.20546875
1 0.4546875 0.74765625 0.05546875 0.28125
1 0.76796875 0.28671875 0.040625 0.175
1 0.01328125 0.36484375 0.0265625 0.19609375