1 0.02734375 0.4203125 0.04921875 0.2109375
1 0.59140625 0.81171875 0.06640625 0.25703125
1 0.765625 0.35546875 0.0359375 0.14609375
2 0.88359375 0.5015625 0.05859375 0.225
3 0.678125 0.5015625 0.046875 0.24296875
2 0.734375 0.5109375 0.05234375 0.2109375
3 0.428125 0.4734375 0.03359375 0.16796875
2 0.48046875 0.43125 0.04453125 0.1765625
2 0.171875 0.5171875 0.0625 0.20546875
3 0.2328125 0.5328125 0.04609375 0.20859375
3 0.59375 0.50390625 0.06484375 0.23359375
3 0.43984375 0.365625 0.03359375 0.10078125
0 0.86015625 0.45234375 0.01953125 0.02890625