2 0.3046875 0.56875 0.06015625 0.2296875
3 0.26875 0.540625 0.08671875 0.215625
0 0.3078125 0.478125 0.025 0.040625
2 0.70078125 0.4140625 0.04140625 0.16953125
1 0.70234375 0.28359375 0.03984375 0.11796875
1 0.4328125 0.75625 0.06171875 0.2890625
1 0.05 0.3671875 0.04921875 0.1734375
2 0.584375 0.46484375 0.05703125 0.24375
3 0.5171875 0.453125 0.1015625 0.22109375
2 0.49140625 0.37109375 0.03203125 0.103125
2 0.27890625 0.29375 0.0546875 0.20703125
3 0.36015625 0.56796875 0.07421875 0.23203125
3 0.32109375 0.3890625 0.046875 0.14296875
3 0.225 0.41328125 0.06484375 0.1828125
4 0.20078125 0.2515625 0.03515625 0.04921875