1 0.01015625 0.384375 0.01953125 0.1796875
1 0.46015625 0.75234375 0.03984375 0.2296875
2 0.77578125 0.2953125 0.0375 0.12734375
3 0.109375 0.44609375 0.028125 0.234375
2 0.1703125 0.4296875 0.04140625 0.21484375
2 0.40078125 0.47265625 0.06171875 0.1953125
2 0.56484375 0.315625 0.03125 0.16875
2 0.62109375 0.36640625 0.0359375 0.153125
2 0.7125 0.45546875 0.0484375 0.22109375
3 0.20234375 0.6 0.04453125 0.20390625
3 0.21953125 0.48984375 0.0328125 0.084375
4 0.153125 0.2390625 0.03671875 0.06015625