2 0.06640625 0.446875 0.04921875 0.22578125
2 0.7203125 0.4828125 0.04765625 0.22421875
2 0.5078125 0.5015625 0.05390625 0.2296875
2 0.3703125 0.3890625 0.0453125 0.21796875
3 0.28984375 0.42578125 0.0515625 0.25390625
3 0.41953125 0.49453125 0.05546875 0.2484375
3 0.46640625 0.45390625 0.046875 0.1984375
1 0.41796875 0.78671875 0.0640625 0.2859375
1 0.6046875 0.340625 0.06015625 0.18984375
3 0.12109375 0.4640625 0.0671875 0.2328125
0 0.7 0.54765625 0.01875 0.03515625
4 0.07890625 0.278125 0.03515625 0.0609375