0 0.3703125 0.70078125 0.02421875 0.0453125
3 0.2078125 0.41171875 0.06640625 0.253125
3 0.35390625 0.509375 0.0640625 0.2265625
3 0.34375 0.36171875 0.04609375 0.1171875
3 0.46484375 0.58359375 0.078125 0.1953125
3 0.52578125 0.465625 0.04609375 0.21328125
2 0.70078125 0.44296875 0.0546875 0.2
2 0.58046875 0.4859375 0.0625 0.2484375
2 0.49453125 0.37890625 0.03828125 0.1546875
2 0.40078125 0.6421875 0.0546875 0.21796875
2 0.22421875 0.26953125 0.03125 0.1125
1 0.0296875 0.3609375 0.04140625 0.15
1 0.4390625 0.775 0.05859375 0.27578125
1 0.6765625 0.33125 0.03671875 0.16640625
4 0.16953125 0.2390625 0.03515625 0.03125