0 0.821875 0.19140625 0.01796875 0.0328125
1 0.72734375 0.696875 0.06171875 0.25
2 0.75234375 0.4515625 0.05546875 0.2171875
2 0.6296875 0.4390625 0.053125 0.2046875
2 0.51953125 0.55390625 0.05625 0.215625
2 0.58125 0.40546875 0.04453125 0.2
3 0.4546875 0.3875 0.04921875 0.1875
3 0.378125 0.6078125 0.0578125 0.23359375
3 0.5453125 0.4 0.03828125 0.19765625
3 0.7109375 0.40859375 0.03828125 0.17890625
3 0.82578125 0.65625 0.05078125 0.1921875
1 0.25859375 0.42734375 0.03984375 0.18046875
4 0.79140625 0.2734375 0.0296875 0.03984375