3 0.66640625 0.60703125 0.09375 0.25
0 0.62265625 0.5734375 0.0234375 0.0484375
1 0.22734375 0.37890625 0.05859375 0.18828125
1 0.8 0.74921875 0.0546875 0.24765625
1 0.75625 0.3703125 0.04453125 0.1546875
3 0.421875 0.41875 0.075 0.17578125
3 0.48828125 0.53828125 0.07734375 0.20625
3 0.51640625 0.34140625 0.03984375 0.1828125
2 0.88203125 0.5890625 0.06328125 0.21015625
2 0.75390625 0.57734375 0.06796875 0.2375
2 0.5578125 0.46171875 0.0484375 0.2421875
2 0.6359375 0.40546875 0.053125 0.22734375
4 0.80078125 0.275 0.02890625 0.04453125