3 0.10234375 0.4328125 0.0578125 0.24921875
3 0.196875 0.5875 0.04453125 0.22109375
3 0.21953125 0.528125 0.03359375 0.171875
3 0.37265625 0.3875 0.05234375 0.171875
3 0.61328125 0.653125 0.08515625 0.259375
2 0.71484375 0.45625 0.059375 0.21796875
2 0.61640625 0.36953125 0.05546875 0.16484375
2 0.5671875 0.309375 0.0375 0.1921875
3 0.4046875 0.4828125 0.06171875 0.2203125
3 0.16796875 0.42109375 0.040625 0.22578125
1 0.45859375 0.7375 0.06796875 0.27109375
1 0.77421875 0.3046875 0.04765625 0.16015625
4 0.153125 0.225 0.03828125 0.0265625