0 0.28984375 0.12890625 0.01640625 0.03984375
2 0.7921875 0.61171875 0.05078125 0.315625
2 0.225 0.721875 0.0703125 0.29453125
2 0.128125 0.5203125 0.03984375 0.2890625
3 0.6046875 0.3609375 0.05625 0.25390625
2 0.59453125 0.24765625 0.0421875 0.19375
3 0.29609375 0.39375 0.03984375 0.2546875
3 0.3171875 0.37109375 0.04296875 0.20390625
2 0.33671875 0.31875 0.0484375 0.2203125
3 0.3375 0.56484375 0.08671875 0.3046875
3 0.6484375 0.31640625 0.0421875 0.23359375
1 0.56015625 0.75546875 0.0765625 0.30234375
1 0.72421875 0.25078125 0.05234375 0.1671875
1 0.08828125 0.36640625 0.053125 0.25078125
4 0.253125 0.2046875 0.0359375 0.0609375