0 0.20390625 0.3140625 0.02265625 0.0421875
2 0.40859375 0.4609375 0.05625 0.17734375
2 0.15859375 0.421875 0.04921875 0.2265625
2 0.5234375 0.31484375 0.05625 0.1796875
2 0.6 0.36015625 0.0390625 0.21015625
2 0.64765625 0.45078125 0.05625 0.209375
1 0.73203125 0.29765625 0.0515625 0.16328125
1 0.4234375 0.74921875 0.0453125 0.26015625
3 0.20546875 0.6265625 0.06953125 0.275
3 0.2953125 0.38671875 0.06171875 0.1828125
3 0.1078125 0.440625 0.0546875 0.23828125
3 0.528125 0.60234375 0.07109375 0.26328125
4 0.153125 0.24375 0.040625 0.06796875