2 0.640625 0.51640625 0.06796875 0.19921875
0 0.671875 0.44765625 0.02265625 0.04296875
1 0.609375 0.3140625 0.04609375 0.1703125
1 0.41328125 0.746875 0.0796875 0.253125
2 0.728125 0.4421875 0.04921875 0.21328125
3 0.509375 0.52578125 0.053125 0.096875
2 0.5296875 0.51015625 0.05859375 0.2
2 0.38671875 0.35078125 0.04609375 0.18671875
2 0.090625 0.37578125 0.0640625 0.21953125
3 0.309375 0.37890625 0.0421875 0.21015625
3 0.51015625 0.3671875 0.059375 0.12265625
3 0.4109375 0.45 0.05078125 0.23203125
3 0.15078125 0.40078125 0.05078125 0.24140625
4 0.09609375 0.2421875 0.03828125 0.0578125