3 0.1390625 0.39453125 0.040625 0.2328125
2 0.18125 0.3875 0.03203125 0.209375
0 0.1984375 0.253125 0.01640625 0.04765625
3 0.2171875 0.6046875 0.05703125 0.2375
3 0.49609375 0.55234375 0.06171875 0.2578125
3 0.23359375 0.40078125 0.0578125 0.2125
3 0.2765625 0.3390625 0.05 0.16796875
2 0.5921875 0.4390625 0.06015625 0.22890625
2 0.52265625 0.3015625 0.0640625 0.1953125
2 0.43203125 0.4125 0.06640625 0.23125
1 0.40234375 0.725 0.0703125 0.27890625
1 0.69765625 0.28671875 0.05078125 0.175
1 0.01328125 0.37109375 0.02578125 0.2125
4 0.15546875 0.21796875 0.03671875 0.02734375