1 0.08828125 0.44375 0.040625 0.2390625
1 0.7046875 0.83046875 0.07421875 0.22890625
2 0.878125 0.49375 0.0546875 0.21875
1 0.86796875 0.36796875 0.0484375 0.1515625
3 0.68984375 0.47421875 0.06171875 0.225
3 0.7703125 0.49921875 0.05390625 0.2296875
3 0.5015625 0.47890625 0.0625 0.203125
3 0.53828125 0.41953125 0.0375 0.18671875
3 0.3203125 0.565625 0.0734375 0.26953125
2 0.24609375 0.540625 0.06953125 0.25234375
2 0.596875 0.45859375 0.0609375 0.2265625
4 0.2109375 0.29921875 0.02890625 0.02890625