3 0.2171875 0.440625 0.053125 0.1453125
2 0.16015625 0.415625 0.04296875 0.21796875
3 0.31015625 0.38671875 0.05703125 0.18828125
3 0.20390625 0.60859375 0.06015625 0.23515625
3 0.546875 0.6234375 0.06171875 0.221875
3 0.09609375 0.42890625 0.04765625 0.22265625
1 0.428125 0.7421875 0.06171875 0.23203125
1 0.75234375 0.2875 0.04140625 0.1625
2 0.39453125 0.5 0.0546875 0.246875
1 0.01171875 0.36875 0.02265625 0.19375
2 0.67265625 0.44765625 0.05234375 0.23515625
0 0.2046875 0.39375 0.021875 0.03515625
4 0.15234375 0.2390625 0.0359375 0.06171875