2 0.646875 0.51484375 0.0375 0.16328125
0 0.66875 0.46015625 0.01953125 0.03515625
2 0.103125 0.36171875 0.0421875 0.1953125
2 0.39765625 0.32890625 0.03984375 0.128125
2 0.5390625 0.47109375 0.04921875 0.0703125
2 0.7296875 0.43203125 0.025 0.1546875
3 0.15625 0.39453125 0.0328125 0.2
3 0.31640625 0.36015625 0.03359375 0.1828125
3 0.4234375 0.44375 0.0234375 0.1875
3 0.525 0.38515625 0.02265625 0.1078125
1 0.4234375 0.73515625 0.04765625 0.21953125
1 0.615625 0.30078125 0.03515625 0.1140625
4 0.10390625 0.2359375 0.03515625 0.0640625