3 0.21796875 0.59609375 0.06171875 0.2296875
3 0.2234375 0.39609375 0.05390625 0.20859375
3 0.134375 0.39296875 0.0453125 0.23671875
1 0.4015625 0.73671875 0.059375 0.2609375
3 0.4953125 0.55546875 0.0578125 0.23828125
3 0.2859375 0.3515625 0.053125 0.16640625
1 0.0125 0.365625 0.025 0.190625
2 0.17421875 0.378125 0.0375 0.21328125
2 0.42421875 0.409375 0.04296875 0.20625
2 0.5234375 0.28984375 0.053125 0.1578125
1 0.69375 0.29453125 0.0453125 0.16953125
2 0.58984375 0.4421875 0.0546875 0.228125