1 0.04921875 0.33984375 0.05234375 0.17890625
1 0.4453125 0.7578125 0.065625 0.26015625
1 0.69375 0.309375 0.0328125 0.1640625
2 0.384375 0.6265625 0.05 0.20625
0 0.3625 0.6328125 0.02734375 0.03359375
2 0.7171875 0.41015625 0.03828125 0.19375
2 0.5953125 0.47265625 0.0609375 0.25
2 0.50859375 0.365625 0.0328125 0.10546875
3 0.22890625 0.40390625 0.04609375 0.21015625
2 0.25078125 0.25703125 0.03515625 0.12890625
3 0.3421875 0.49609375 0.06640625 0.21875
3 0.53203125 0.44375 0.05078125 0.21484375
3 0.3640625 0.35703125 0.0453125 0.1265625
3 0.44375 0.54296875 0.071875 0.18828125
4 0.190625 0.23046875 0.0359375 0.028125