1 0.21328125 0.41328125 0.0484375 0.2
1 0.7890625 0.75546875 0.075 0.246875
1 0.7671875 0.39375 0.046875 0.1625
2 0.62734375 0.56640625 0.08046875 0.2015625
0 0.653125 0.58359375 0.028125 0.03203125
2 0.8765625 0.60234375 0.0671875 0.21328125
2 0.53515625 0.478125 0.0625 0.19609375
2 0.64453125 0.41015625 0.0546875 0.14765625
2 0.7484375 0.590625 0.0625 0.22734375
3 0.4765625 0.5453125 0.05703125 0.24765625
3 0.35390625 0.44296875 0.046875 0.20390625
3 0.51640625 0.33984375 0.03984375 0.15625
3 0.6921875 0.62421875 0.059375 0.22890625
4 0.8140625 0.28359375 0.02734375 0.04765625