0 0.90546875 0.50703125 0.01875 0.04140625
2 0.9359375 0.4953125 0.05234375 0.19921875
2 0.78828125 0.509375 0.05703125 0.221875
3 0.475 0.40625 0.04609375 0.15859375
2 0.51875 0.425 0.05390625 0.1921875
3 0.45859375 0.4828125 0.0625 0.2203125
2 0.45078125 0.3390625 0.0359375 0.1171875
2 0.20625 0.54140625 0.06015625 0.234375
3 0.71328125 0.4859375 0.0546875 0.20234375
3 0.6265625 0.49375 0.07265625 0.23203125
3 0.27421875 0.55859375 0.06171875 0.228125
1 0.06328125 0.42265625 0.05078125 0.20546875
1 0.81015625 0.35546875 0.04921875 0.1546875
1 0.634375 0.83203125 0.06171875 0.27109375
4 0.18671875 0.30546875 0.0328125 0.05546875