3 0.28515625 0.428125 0.0390625 0.25390625
3 0.31640625 0.35859375 0.0515625 0.2671875
2 0.33984375 0.3421875 0.04921875 0.2578125
0 0.31953125 0.15546875 0.0265625 0.04140625
2 0.775 0.6453125 0.06328125 0.30390625
2 0.209375 0.73828125 0.08515625 0.27734375
3 0.57421875 0.3890625 0.04921875 0.23984375
2 0.596875 0.30078125 0.046875 0.19765625
2 0.134375 0.50859375 0.07890625 0.29921875
1 0.07890625 0.3875 0.05390625 0.2515625
1 0.71640625 0.28125 0.053125 0.18203125
1 0.55 0.7703125 0.06875 0.32265625
3 0.340625 0.5984375 0.0875 0.3171875
3 0.64375 0.35703125 0.0578125 0.21875
4 0.24609375 0.2359375 0.0390625 0.0671875