3 0.2671875 0.53046875 0.0546875 0.221875
2 0.2921875 0.56015625 0.03984375 0.221875
0 0.30703125 0.46640625 0.025 0.04765625
2 0.69453125 0.3953125 0.04296875 0.19296875
2 0.58203125 0.4609375 0.06484375 0.221875
2 0.2890625 0.29921875 0.03671875 0.17578125
3 0.50234375 0.46328125 0.0671875 0.2046875
2 0.48515625 0.371875 0.02265625 0.0765625
3 0.2265625 0.42265625 0.0484375 0.196875
3 0.3109375 0.371875 0.04296875 0.12265625
3 0.3546875 0.54765625 0.0625 0.225
1 0.42421875 0.746875 0.075 0.24375
1 0.70703125 0.28671875 0.04140625 0.1
1 0.0515625 0.371875 0.05703125 0.16484375
4 0.1984375 0.25078125 0.03359375 0.04453125