0 0.1765625 0.2140625 0.02265625 0.04296875
3 0.178125 0.4296875 0.05078125 0.23359375
3 0.21796875 0.58515625 0.05234375 0.24375
3 0.3984375 0.4859375 0.04765625 0.19765625
3 0.2375 0.3078125 0.0390625 0.115625
2 0.41875 0.28671875 0.040625 0.16171875
2 0.5046875 0.43671875 0.03984375 0.22890625
2 0.57734375 0.3578125 0.0375 0.20078125
2 0.33125 0.45546875 0.03125 0.2203125
2 0.2625 0.42109375 0.03828125 0.19765625
1 0.3625 0.74921875 0.07890625 0.24296875
1 0.6609375 0.30390625 0.04609375 0.1359375
4 0.14453125 0.23125 0.0359375 0.02734375