2 0.221875 0.54453125 0.0625 0.2359375
3 0.3046875 0.55859375 0.0546875 0.228125
3 0.74921875 0.48125 0.04765625 0.2
1 0.6796875 0.83203125 0.06328125 0.23359375
3 0.6734375 0.46875 0.05546875 0.20546875
1 0.0703125 0.43125 0.04140625 0.18828125
2 0.86328125 0.4921875 0.065625 0.21953125
3 0.478125 0.5421875 0.05859375 0.328125
1 0.85234375 0.3328125 0.0484375 0.1296875
2 0.48671875 0.33828125 0.0390625 0.1140625
2 0.5625 0.4671875 0.04609375 0.25390625
0 0.98125 0.45390625 0.01484375 0.03671875
4 0.1984375 0.3125 0.03515625 0.059375