3 0.2578125 0.5375 0.06953125 0.25
2 0.296875 0.55390625 0.053125 0.259375
0 0.30078125 0.45 0.028125 0.03828125
2 0.6890625 0.40078125 0.04453125 0.16953125
2 0.57265625 0.459375 0.06953125 0.246875
3 0.5109375 0.46640625 0.08359375 0.2375
2 0.478125 0.365625 0.034375 0.11015625
2 0.29140625 0.29375 0.04375 0.18984375
1 0.415625 0.75703125 0.07578125 0.28203125
1 0.71484375 0.290625 0.04296875 0.14609375
1 0.0484375 0.37421875 0.059375 0.1640625
3 0.34140625 0.5546875 0.0625 0.2328125
3 0.31015625 0.3734375 0.03984375 0.13125
3 0.2203125 0.41875 0.053125 0.1890625
4 0.19765625 0.25078125 0.03359375 0.03828125