2 0.72109375 0.49296875 0.05390625 0.22265625
0 0.71328125 0.4625 0.01875 0.0421875
1 0.60546875 0.33515625 0.03046875 0.15703125
3 0.3046875 0.41484375 0.04765625 0.21171875
3 0.4203125 0.48828125 0.05078125 0.2296875
3 0.48046875 0.49765625 0.0421875 0.1796875
2 0.3671875 0.3734375 0.06015625 0.2
2 0.51640625 0.4953125 0.05703125 0.234375
2 0.56484375 0.4828125 0.05234375 0.21171875
1 0.4109375 0.77421875 0.06796875 0.26171875
2 0.07421875 0.428125 0.05 0.23203125
3 0.13125 0.4546875 0.05390625 0.23046875
4 0.08828125 0.27734375 0.03515625 0.0609375