3 0.3296875 0.5125 0.0625 0.21953125
2 0.36171875 0.6078125 0.05234375 0.21484375
0 0.353125 0.603125 0.01796875 0.0390625
3 0.2296875 0.4078125 0.05078125 0.19453125
2 0.51015625 0.4203125 0.03046875 0.21484375
3 0.53125 0.4328125 0.0359375 0.18984375
3 0.4296875 0.55859375 0.05390625 0.14453125
3 0.359375 0.384375 0.0546875 0.14375
2 0.71640625 0.41015625 0.053125 0.18984375
2 0.59765625 0.45546875 0.04921875 0.2203125
2 0.25546875 0.28125 0.04453125 0.17734375
1 0.44765625 0.75078125 0.06953125 0.26953125
1 0.70078125 0.309375 0.03359375 0.14609375
1 0.05546875 0.34453125 0.0515625 0.16484375
4 0.19765625 0.2390625 0.03515625 0.04765625