1 0.46328125 0.74140625 0.0640625 0.23359375
3 0.1953125 0.58046875 0.04609375 0.20234375
3 0.09609375 0.4265625 0.05390625 0.21171875
3 0.378125 0.37421875 0.04765625 0.1765625
2 0.4140625 0.4734375 0.05546875 0.2296875
1 0.0125 0.36640625 0.025 0.1921875
3 0.60859375 0.64921875 0.06796875 0.25546875
1 0.78046875 0.30546875 0.04765625 0.1578125
2 0.7125 0.4765625 0.0671875 0.3
2 0.61484375 0.36015625 0.053125 0.1765625
2 0.5703125 0.2953125 0.0390625 0.15546875
4 0.1546875 0.23046875 0.034375 0.05546875