2 0.71953125 0.47890625 0.04765625 0.21640625
0 0.6984375 0.53984375 0.015625 0.03359375
1 0.415625 0.7796875 0.0671875 0.24140625
1 0.6078125 0.33515625 0.04296875 0.165625
2 0.0640625 0.4546875 0.0578125 0.246875
2 0.36953125 0.378125 0.05859375 0.17734375
2 0.50859375 0.5078125 0.0640625 0.22578125
3 0.1234375 0.471875 0.05078125 0.234375
3 0.29140625 0.43515625 0.05390625 0.23125
3 0.4265625 0.490625 0.04609375 0.221875
3 0.46796875 0.46015625 0.04453125 0.19375
4 0.078125 0.27890625 0.03671875 0.06015625