0 0.2203125 0.25 0.0203125 0.03828125
2 0.4625 0.31015625 0.0515625 0.19453125
2 0.3828125 0.46171875 0.05234375 0.2203125
2 0.5328125 0.44921875 0.05234375 0.21796875
3 0.4328125 0.52265625 0.0578125 0.23515625
3 0.21875 0.6109375 0.0625 0.25625
1 0.36640625 0.74375 0.06015625 0.24921875
1 0.66796875 0.30546875 0.03125 0.15234375
2 0.58984375 0.3578125 0.034375 0.1828125
3 0.17265625 0.4265625 0.053125 0.2328125
3 0.23515625 0.40625 0.05390625 0.17265625
3 0.26328125 0.35390625 0.0375 0.16328125