2 0.16875 0.41953125 0.04609375 0.20859375
3 0.2078125 0.60078125 0.0609375 0.2125
2 0.703125 0.43125 0.053125 0.20546875
3 0.221875 0.465625 0.0421875 0.11875
3 0.58984375 0.64375 0.07265625 0.24921875
3 0.3515625 0.38046875 0.0453125 0.171875
1 0.45546875 0.74609375 0.0609375 0.2375
3 0.0953125 0.4234375 0.053125 0.221875
2 0.61171875 0.35 0.04453125 0.17890625
1 0.765625 0.29765625 0.04453125 0.1578125
2 0.3984375 0.49375 0.05234375 0.23515625
1 0.01328125 0.36484375 0.0265625 0.19296875
2 0.55390625 0.30546875 0.04296875 0.15
4 0.15390625 0.2328125 0.0390625 0.05546875