2 0.15390625 0.43046875 0.04453125 0.2359375
3 0.2109375 0.4390625 0.05859375 0.16484375
0 0.1984375 0.2859375 0.0265625 0.03828125
3 0.11171875 0.4421875 0.04375 0.2265625
3 0.20703125 0.621875 0.06171875 0.23359375
3 0.52265625 0.603125 0.05546875 0.26640625
3 0.2921875 0.37578125 0.05859375 0.1859375
2 0.4125 0.45234375 0.0546875 0.1765625
2 0.525 0.30625 0.05 0.17734375
2 0.59765625 0.35078125 0.04296875 0.2015625
2 0.640625 0.44453125 0.06796875 0.2171875
1 0.421875 0.73984375 0.07890625 0.2796875
1 0.721875 0.30234375 0.05 0.1734375
4 0.15234375 0.2421875 0.034375 0.05390625