2 0.38515625 0.41015625 0.05859375 0.1390625
0 0.3640625 0.425 0.0171875 0.03359375
2 0.78359375 0.5046875 0.05390625 0.24453125
1 0.83671875 0.40625 0.05390625 0.159375
1 0.1421875 0.515625 0.034375 0.19296875
1 0.6875 0.89296875 0.046875 0.21328125
2 0.384375 0.86484375 0.065625 0.2703125
2 0.8046875 0.7984375 0.06953125 0.2765625
2 0.6953125 0.625 0.0625 0.27265625
3 0.63359375 0.7109375 0.04375 0.2734375
3 0.38828125 0.6375 0.0546875 0.18125
3 0.41171875 0.49453125 0.05703125 0.1046875
3 0.5015625 0.4671875 0.04921875 0.20625
4 0.303125 0.3515625 0.04296875 0.0828125