1 0.140625 0.30234375 0.0546875 0.22421875
1 0.6421875 0.7296875 0.0734375 0.3375
2 0.98828125 0.4515625 0.0234375 0.2828125
2 0.35546875 0.44140625 0.075 0.2484375
2 0.48359375 0.68515625 0.11796875 0.31328125
2 0.43828125 0.56328125 0.08203125 0.228125
2 0.73671875 0.2765625 0.0625 0.19140625
3 0.7859375 0.31328125 0.05390625 0.22734375
3 0.8328125 0.24453125 0.05859375 0.17890625
3 0.25859375 0.515625 0.0484375 0.25625
3 0.30234375 0.37421875 0.0625 0.25703125
4 0.271875 0.17265625 0.0390625 0.06171875