3 0.22578125 0.678125 0.07578125 0.26328125
3 0.6328125 0.80078125 0.07578125 0.29140625
3 0.44453125 0.4609375 0.03671875 0.21796875
2 0.70859375 0.5359375 0.04609375 0.20625
3 0.7546875 0.49609375 0.0453125 0.1859375
3 0.72421875 0.4171875 0.03515625 0.0984375
2 0.86171875 0.68828125 0.04140625 0.25546875
2 0.34140625 0.56328125 0.0703125 0.21484375
2 0.81875 0.50625 0.0515625 0.2203125
1 0.72578125 0.75390625 0.0796875 0.271875
1 0.25078125 0.4640625 0.05234375 0.19140625
4 0.85390625 0.30234375 0.03359375 0.0515625