1 0.43828125 0.7453125 0.065625 0.2765625
2 0.703125 0.41171875 0.06796875 0.20234375
1 0.69609375 0.28359375 0.04609375 0.10859375
1 0.04921875 0.35546875 0.0546875 0.159375
2 0.5890625 0.45 0.06484375 0.26484375
3 0.5328125 0.45546875 0.084375 0.225
2 0.49765625 0.3796875 0.03671875 0.11953125
2 0.31640625 0.5828125 0.05625 0.18828125
2 0.2703125 0.3015625 0.05 0.1625
3 0.384375 0.571875 0.09453125 0.22265625
3 0.3359375 0.403125 0.05625 0.19921875
3 0.278125 0.5328125 0.0734375 0.21796875
3 0.2265625 0.41171875 0.078125 0.1984375
0 0.3 0.50703125 0.01796875 0.04140625
4 0.203125 0.23515625 0.03359375 0.0234375