0 0.22421875 0.25078125 0.0203125 0.0390625
3 0.16171875 0.41640625 0.06796875 0.2515625
3 0.26328125 0.35546875 0.04140625 0.18125
3 0.42890625 0.52109375 0.05625 0.24609375
3 0.21796875 0.60703125 0.0578125 0.2640625
3 0.24296875 0.40703125 0.03671875 0.21328125
1 0.66484375 0.3 0.0515625 0.17109375
2 0.5875 0.36171875 0.0375 0.175
2 0.5296875 0.44765625 0.05859375 0.225
2 0.459375 0.3109375 0.0609375 0.1796875
2 0.38984375 0.45703125 0.06484375 0.2015625
2 0.3734375 0.73671875 0.06953125 0.27265625