3 0.2015625 0.5171875 0.0328125 0.25625
2 0.41015625 0.43203125 0.0390625 0.23359375
3 0.43671875 0.46171875 0.03984375 0.19140625
3 0.26484375 0.56796875 0.03125 0.21015625
3 0.228125 0.33828125 0.02890625 0.1390625
3 0.24453125 0.4578125 0.03359375 0.215625
2 0.2578125 0.46015625 0.03828125 0.12734375
2 0.328125 0.2875 0.0390625 0.1765625
2 0.52734375 0.453125 0.04609375 0.225
2 0.640625 0.38359375 0.04921875 0.1875
1 0.38359375 0.7515625 0.071875 0.271875
1 0.6796875 0.32265625 0.0578125 0.2046875
1 0.0265625 0.3828125 0.053125 0.1890625
4 0.17578125 0.2390625 0.03984375 0.0375