2 0.3125 0.29921875 0.05703125 0.1671875
2 0.553125 0.44140625 0.05390625 0.2484375
2 0.67421875 0.390625 0.06171875 0.19765625
3 0.24375 0.51171875 0.0421875 0.2546875
2 0.28046875 0.5421875 0.02734375 0.23671875
2 0.453125 0.40078125 0.04375 0.1484375
3 0.21875 0.39765625 0.05234375 0.22578125
3 0.4796875 0.46796875 0.0421875 0.2171875
3 0.30859375 0.54375 0.05 0.225
3 0.2921875 0.3875 0.0375 0.09453125
1 0.4109375 0.7421875 0.0734375 0.253125
1 0.70546875 0.31484375 0.03515625 0.165625
1 0.03984375 0.36953125 0.05546875 0.20234375
4 0.19296875 0.23984375 0.03515625 0.0234375