3 0.2203125 0.42421875 0.0578125 0.190625
2 0.16015625 0.4109375 0.0390625 0.23828125
0 0.1984375 0.2515625 0.01328125 0.03515625
3 0.11640625 0.4078125 0.04296875 0.23203125
3 0.5125 0.56875 0.05234375 0.2671875
3 0.20390625 0.61484375 0.06484375 0.24765625
3 0.2890625 0.36953125 0.06484375 0.20234375
2 0.41875 0.4421875 0.0578125 0.184375
2 0.52578125 0.30703125 0.04609375 0.19296875
2 0.59921875 0.3546875 0.02578125 0.17734375
2 0.6234375 0.43671875 0.03046875 0.22421875
1 0.4125 0.7421875 0.0671875 0.2484375
1 0.7171875 0.2828125 0.03828125 0.17109375
4 0.14921875 0.2375 0.040625 0.0578125