1 0.0765625 0.4296875 0.04296875 0.24296875
1 0.6890625 0.81875 0.07578125 0.24296875
2 0.85625 0.4890625 0.0796875 0.228125
1 0.85859375 0.334375 0.0578125 0.13046875
3 0.7546875 0.4828125 0.05078125 0.2421875
3 0.6734375 0.47734375 0.06484375 0.2359375
3 0.48203125 0.465625 0.065625 0.20859375
3 0.3015625 0.5765625 0.0765625 0.26875
2 0.51484375 0.425 0.05390625 0.2015625
2 0.2296875 0.5734375 0.07578125 0.2796875
2 0.571875 0.45546875 0.05703125 0.2296875
2 0.490625 0.3234375 0.06484375 0.11875
2 0.9734375 0.49453125 0.053125 0.1921875
0 0.98125 0.45390625 0.025 0.04609375
4 0.19921875 0.3046875 0.03203125 0.04375