0 0.234375 0.6640625 0.0234375 0.0640625
1 0.58203125 0.675 0.078125 0.15078125
1 0.66953125 0.24765625 0.04609375 0.14296875
3 0.4953125 0.24375 0.04765625 0.18125
3 0.0203125 0.41015625 0.0375 0.23125
3 0.29609375 0.503125 0.05859375 0.26015625
3 0.18515625 0.61796875 0.0890625 0.28203125
2 0.60625 0.403125 0.05859375 0.18125
3 0.63359375 0.44375 0.0609375 0.21484375
2 0.52265625 0.303125 0.053125 0.1796875
2 0.3859375 0.55625 0.06328125 0.2421875
2 0.425 0.46953125 0.0609375 0.2171875
2 0.36015625 0.4203125 0.065625 0.22421875
4 0.81015625 0.1796875 0.02734375 0.046875