4 0.27109375 0.1609375 0.0375 0.059375
0 0.25703125 0.1296875 0.025 0.04609375
3 0.69765625 0.33828125 0.0671875 0.23125
1 0.7421875 0.19453125 0.040625 0.18984375
1 0.578125 0.70625 0.0625 0.3046875
1 0.10390625 0.3109375 0.04921875 0.2140625
2 0.834375 0.54140625 0.06875 0.30078125
2 0.64140625 0.228125 0.03515625 0.215625
3 0.33046875 0.49296875 0.05625 0.26796875
2 0.334375 0.36015625 0.05078125 0.20546875
2 0.2875 0.67734375 0.06171875 0.3078125
2 0.15390625 0.5265625 0.08515625 0.284375
3 0.6625 0.2421875 0.03828125 0.21015625
3 0.29921875 0.3421875 0.05078125 0.11015625
3 0.28828125 0.35703125 0.040625 0.2453125