2 0.6578125 0.5765625 0.078125 0.21328125
0 0.6515625 0.55703125 0.015625 0.05859375
2 0.72421875 0.4390625 0.0546875 0.2109375
3 0.509375 0.55546875 0.07265625 0.1296875
2 0.54609375 0.49609375 0.071875 0.1484375
3 0.41875 0.4546875 0.0578125 0.24296875
2 0.4109375 0.340625 0.0328125 0.14765625
2 0.109375 0.34921875 0.05234375 0.20625
3 0.31875 0.36640625 0.04609375 0.209375
3 0.51015625 0.39453125 0.04375 0.15390625
3 0.1640625 0.38359375 0.05234375 0.21640625
1 0.42421875 0.74140625 0.0953125 0.25546875
1 0.615625 0.303125 0.04375 0.19296875
4 0.10546875 0.2328125 0.0375 0.05390625