0 0.50703125 0.73046875 0.025 0.053125
2 0.6828125 0.44140625 0.06875 0.2109375
2 0.55 0.67421875 0.0765625 0.20859375
2 0.56015625 0.4890625 0.0703125 0.2328125
2 0.45 0.396875 0.05859375 0.228125
2 0.146875 0.31171875 0.03515625 0.1375
3 0.334375 0.3953125 0.05625 0.2109375
3 0.40859375 0.5125 0.07734375 0.228125
3 0.48828125 0.56484375 0.071875 0.175
3 0.503125 0.428125 0.04453125 0.19453125
3 0.16796875 0.403125 0.03671875 0.18984375
1 0.425 0.7640625 0.08046875 0.23984375
1 0.6265625 0.3140625 0.0390625 0.14609375
4 0.11796875 0.2484375 0.0359375 0.04921875