1 0.03671875 0.3734375 0.05546875 0.20859375
2 0.6671875 0.3984375 0.05 0.2125
1 0.703125 0.31796875 0.040625 0.15
1 0.4046875 0.7453125 0.07265625 0.26796875
2 0.5453125 0.44140625 0.0640625 0.2109375
2 0.43515625 0.4046875 0.04140625 0.16171875
2 0.3296875 0.29921875 0.0578125 0.2
3 0.2828125 0.54921875 0.05234375 0.18046875
3 0.21953125 0.51953125 0.04609375 0.2609375
2 0.271875 0.496875 0.04296875 0.15078125
3 0.22578125 0.3359375 0.05234375 0.1390625
3 0.46015625 0.47578125 0.05546875 0.23828125
3 0.26640625 0.41171875 0.0375 0.10078125
4 0.18828125 0.2359375 0.03359375 0.028125