3 0.16953125 0.42890625 0.0703125 0.2359375
3 0.2328125 0.4046875 0.05703125 0.2296875
0 0.2203125 0.25 0.03046875 0.04140625
3 0.22421875 0.60546875 0.06484375 0.26171875
3 0.4265625 0.52265625 0.040625 0.234375
3 0.26015625 0.3484375 0.0328125 0.178125
2 0.38515625 0.46328125 0.05390625 0.221875
2 0.45625 0.303125 0.0421875 0.1796875
2 0.53046875 0.4453125 0.05234375 0.23671875
2 0.5953125 0.36953125 0.05859375 0.2109375
1 0.66875 0.3109375 0.0328125 0.16328125
1 0.371875 0.73984375 0.07109375 0.253125