0 0.80390625 0.14765625 0.02578125 0.0359375
1 0.246875 0.41640625 0.03203125 0.20234375
1 0.70859375 0.675 0.07265625 0.25703125
3 0.3609375 0.58046875 0.05703125 0.23984375
3 0.43515625 0.3609375 0.04140625 0.1984375
3 0.5421875 0.3984375 0.03984375 0.2171875
3 0.80703125 0.63671875 0.04296875 0.21640625
3 0.69375 0.37109375 0.04296875 0.20390625
2 0.50390625 0.54375 0.059375 0.22109375
2 0.578125 0.38203125 0.04375 0.203125
2 0.6234375 0.42734375 0.053125 0.21015625
2 0.73359375 0.4171875 0.06015625 0.2375
3 0.77890625 0.259375 0.02734375 0.04375