2 0.29375 0.56484375 0.0671875 0.22578125
2 0.66328125 0.49375 0.0703125 0.228125
3 0.54296875 0.5125 0.05 0.24609375
2 0.58359375 0.36328125 0.03203125 0.14765625
2 0.9703125 0.48984375 0.059375 0.2109375
3 0.35546875 0.5546875 0.04921875 0.2234375
3 0.73984375 0.471875 0.0828125 0.22109375
3 0.815625 0.4984375 0.053125 0.22734375
3 0.59921875 0.42578125 0.05859375 0.1703125
1 0.77578125 0.83984375 0.05859375 0.234375
1 0.93125 0.3515625 0.0484375 0.14140625
1 0.11015625 0.43984375 0.04609375 0.2046875
4 0.2375 0.31015625 0.03046875 0.05546875