3 0.19140625 0.62890625 0.078125 0.28984375
0 0.23359375 0.66796875 0.03203125 0.0484375
1 0.59765625 0.66953125 0.0640625 0.171875
1 0.6734375 0.2328125 0.05859375 0.1359375
3 0.0265625 0.390625 0.053125 0.2484375
3 0.29765625 0.465625 0.05625 0.259375
3 0.63828125 0.41953125 0.0515625 0.17890625
3 0.525 0.24375 0.034375 0.171875
2 0.4 0.55078125 0.078125 0.23984375
2 0.54296875 0.28125 0.03359375 0.1734375
2 0.3953125 0.375 0.04609375 0.1375
2 0.44375 0.4546875 0.05625 0.25625
2 0.6140625 0.36953125 0.04765625 0.178125
4 0.84296875 0.16484375 0.028125 0.0546875