2 0.2078125 0.38359375 0.034375 0.2375
0 0.20703125 0.21015625 0.0265625 0.05
1 0.0125 0.36796875 0.025 0.18359375
1 0.384375 0.71640625 0.04375 0.2234375
1 0.68203125 0.290625 0.025 0.140625
3 0.15390625 0.38984375 0.04140625 0.19921875
3 0.2234375 0.59921875 0.03515625 0.2390625
3 0.24765625 0.4359375 0.03125 0.19921875
3 0.27578125 0.34140625 0.04140625 0.16875
3 0.45625 0.5203125 0.053125 0.2296875
2 0.4171875 0.42109375 0.0375 0.20234375
2 0.5625 0.434375 0.03515625 0.21015625
2 0.49453125 0.28046875 0.0453125 0.165625
2 0.596875 0.34375 0.0265625 0.17265625
4 0.15234375 0.234375 0.03828125 0.05859375