2 0.528125 0.671875 0.10078125 0.21796875
0 0.49765625 0.70546875 0.015625 0.0359375
3 0.1734375 0.409375 0.04296875 0.21171875
3 0.3375 0.40078125 0.06328125 0.2078125
3 0.403125 0.503125 0.071875 0.2140625
2 0.4609375 0.40078125 0.04375 0.2078125
3 0.50234375 0.415625 0.04375 0.18671875
3 0.48984375 0.546875 0.04765625 0.096875
2 0.68125 0.43359375 0.0453125 0.20078125
2 0.56171875 0.49296875 0.07421875 0.23046875
2 0.159375 0.3171875 0.03125 0.14296875
1 0.421875 0.7765625 0.090625 0.25625
1 0.63046875 0.31796875 0.04296875 0.1765625
4 0.121875 0.253125 0.0359375 0.06171875