0 0.7078125 0.4328125 0.0140625 0.03515625
1 0.42265625 0.7515625 0.040625 0.2421875
1 0.61015625 0.31640625 0.03046875 0.1375
2 0.7359375 0.44609375 0.0234375 0.16015625
2 0.6203125 0.48046875 0.02578125 0.1546875
2 0.525 0.45390625 0.0390625 0.1296875
3 0.31171875 0.3921875 0.02421875 0.18203125
2 0.375 0.34921875 0.025 0.16484375
2 0.09140625 0.37890625 0.03359375 0.19765625
3 0.14453125 0.415625 0.03125 0.1875
3 0.4140625 0.46640625 0.028125 0.21484375
3 0.521875 0.3671875 0.02578125 0.0578125
4 0.0953125 0.24765625 0.0375 0.0546875