2 0.534375 0.3875 0.06328125 0.2046875
0 0.5515625 0.23515625 0.01875 0.04296875
3 0.43828125 0.5984375 0.05078125 0.23359375
3 0.9171875 0.653125 0.05625 0.259375
2 0.571875 0.55859375 0.078125 0.2375
3 0.57265625 0.415625 0.03828125 0.14921875
1 0.85 0.69921875 0.0671875 0.26328125
2 0.84375 0.5375 0.06484375 0.16640625
3 0.865625 0.4625 0.0515625 0.2109375
2 0.69453125 0.4390625 0.05546875 0.2109375
2 0.60234375 0.45078125 0.040625 0.196875
1 0.30390625 0.42734375 0.04296875 0.196875
1 0.7484375 0.37890625 0.05390625 0.17890625
4 0.796875 0.28203125 0.03203125 0.046875