1 0.00859375 0.38515625 0.0171875 0.17734375
1 0.47109375 0.740625 0.0546875 0.2265625
1 0.78359375 0.29375 0.04453125 0.146875
3 0.10859375 0.43984375 0.04921875 0.2171875
3 0.2015625 0.5765625 0.04296875 0.2171875
3 0.6359375 0.665625 0.0578125 0.2515625
3 0.39375 0.35390625 0.03671875 0.1046875
2 0.17578125 0.4171875 0.0578125 0.18046875
2 0.41640625 0.4640625 0.05234375 0.190625
2 0.5796875 0.3171875 0.0359375 0.16171875
2 0.62890625 0.36953125 0.04375 0.15
2 0.72578125 0.45390625 0.04375 0.19921875
4 0.15234375 0.23359375 0.03203125 0.059375