4 0.14375 0.25 0.03359375 0.05546875
0 0.1640625 0.2265625 0.01796875 0.03203125
3 0.2171875 0.5890625 0.03359375 0.2015625
3 0.3953125 0.49765625 0.028125 0.21953125
3 0.18515625 0.41640625 0.0359375 0.153125
3 0.23359375 0.3203125 0.02265625 0.1109375
3 0.2234375 0.42890625 0.02890625 0.11015625
2 0.2671875 0.43203125 0.0234375 0.18515625
2 0.31640625 0.465625 0.02109375 0.1828125
2 0.50625 0.45390625 0.02421875 0.215625
2 0.4046875 0.30078125 0.034375 0.15859375
2 0.58046875 0.36875 0.0203125 0.1671875
1 0.35859375 0.75 0.05234375 0.228125
1 0.6515625 0.30859375 0.025 0.13828125