2 0.20390625 0.37265625 0.04609375 0.21328125
0 0.21328125 0.2 0.025 0.0328125
3 0.15390625 0.3984375 0.04921875 0.2125
3 0.240625 0.403125 0.04609375 0.18125
3 0.2765625 0.3453125 0.0390625 0.18046875
3 0.22265625 0.60390625 0.05390625 0.23984375
3 0.4484375 0.5234375 0.0578125 0.240625
2 0.55 0.4375 0.0578125 0.221875
2 0.4078125 0.4296875 0.05546875 0.2296875
2 0.48359375 0.29609375 0.05 0.19375
2 0.59375 0.35625 0.0359375 0.2078125
1 0.3828125 0.73515625 0.06015625 0.284375
1 0.67890625 0.2953125 0.0390625 0.1828125
4 0.153125 0.22265625 0.0375 0.03125