1 0.41953125 0.7546875 0.0703125 0.24921875
1 0.60625 0.31171875 0.04921875 0.17890625
2 0.725 0.4609375 0.05859375 0.21796875
2 0.62734375 0.4921875 0.06796875 0.17265625
3 0.509375 0.53046875 0.0578125 0.12109375
2 0.52421875 0.4875 0.06640625 0.2109375
2 0.37734375 0.34609375 0.05390625 0.178125
2 0.08828125 0.39140625 0.05546875 0.20859375
3 0.41875 0.4515625 0.0515625 0.23203125
3 0.5203125 0.34921875 0.06953125 0.09140625
3 0.31484375 0.3828125 0.04296875 0.209375
3 0.14609375 0.4109375 0.046875 0.2421875
0 0.69921875 0.4359375 0.02109375 0.0328125
4 0.0953125 0.25234375 0.0375 0.05703125