3 0.84609375 0.5828125 0.0421875 0.23046875
3 0.40234375 0.55703125 0.046875 0.253125
3 0.45546875 0.3359375 0.03828125 0.18125
3 0.53125 0.353125 0.040625 0.15078125
3 0.7328125 0.3734375 0.04609375 0.18671875
1 0.26015625 0.40390625 0.04296875 0.1890625
1 0.74375 0.68203125 0.053125 0.2296875
2 0.53046875 0.53125 0.0578125 0.2265625
2 0.61015625 0.415625 0.04375 0.21953125
2 0.76484375 0.40625 0.04921875 0.19140625
2 0.559375 0.3609375 0.03203125 0.18671875
4 0.79453125 0.246875 0.0265625 0.0515625