0 0.35546875 0.4453125 0.02109375 0.0328125
2 0.38203125 0.415625 0.04453125 0.11328125
2 0.778125 0.496875 0.034375 0.19609375
2 0.8125 0.79921875 0.04296875 0.26875
2 0.378125 0.8609375 0.053125 0.278125
3 0.63671875 0.69921875 0.0359375 0.25390625
2 0.7 0.6171875 0.0453125 0.2515625
1 0.13984375 0.50546875 0.04921875 0.2
1 0.68515625 0.89296875 0.04140625 0.20703125
1 0.8421875 0.390625 0.03515625 0.16015625
3 0.496875 0.44453125 0.0390625 0.15234375
3 0.3875 0.646875 0.0328125 0.21015625
3 0.41953125 0.559375 0.04609375 0.2296875
4 0.3046875 0.3515625 0.04609375 0.078125