3 0.253125 0.52109375 0.02890625 0.25859375
2 0.2796875 0.5296875 0.04375 0.24453125
0 0.3 0.4109375 0.01953125 0.0484375
3 0.2234375 0.41640625 0.053125 0.20625
3 0.4859375 0.46171875 0.05 0.18671875
3 0.3296875 0.55234375 0.03671875 0.2078125
3 0.3 0.375 0.0265625 0.0734375
2 0.4625 0.37578125 0.02890625 0.10234375
2 0.5625 0.45390625 0.05390625 0.22734375
2 0.684375 0.39921875 0.04765625 0.190625
2 0.3109375 0.2765625 0.040625 0.12734375
1 0.70625 0.31875 0.02890625 0.16953125
1 0.41796875 0.76328125 0.08515625 0.26171875
1 0.0484375 0.38828125 0.06328125 0.2203125
4 0.19375 0.2484375 0.03671875 0.03984375