3 0.84375 0.64375 0.03515625 0.21484375
2 0.8125 0.5484375 0.02421875 0.1171875
0 0.8390625 0.525 0.01953125 0.03515625
3 0.41328125 0.58046875 0.0359375 0.21171875
3 0.52734375 0.3640625 0.03046875 0.1375
1 0.7765625 0.684375 0.053125 0.209375
1 0.26640625 0.409375 0.0234375 0.16640625
2 0.53359375 0.53125 0.02890625 0.19453125
2 0.5984375 0.4109375 0.02265625 0.1921875
2 0.55390625 0.36484375 0.02734375 0.1578125
2 0.7671875 0.4140625 0.03203125 0.1640625
4 0.79375 0.25234375 0.03359375 0.05234375