0 0.9265625 0.50703125 0.02265625 0.0453125
1 0.64921875 0.8078125 0.0296875 0.20703125
1 0.8171875 0.34296875 0.025 0.13359375
3 0.05234375 0.43203125 0.0390625 0.1640625
2 0.20234375 0.53515625 0.04453125 0.20390625
3 0.49296875 0.41484375 0.025 0.15703125
2 0.5375 0.43125 0.021875 0.19453125
2 0.81640625 0.4984375 0.04375 0.20390625
3 0.2703125 0.54921875 0.0484375 0.2171875
3 0.459375 0.48125 0.0375 0.2015625
3 0.63671875 0.46875 0.03828125 0.1734375
3 0.72578125 0.4828125 0.0234375 0.1828125
2 0.95625 0.4921875 0.0265625 0.18671875