3 0.10546875 0.44765625 0.046875 0.21875
2 0.15234375 0.42265625 0.04375 0.21953125
3 0.21171875 0.4453125 0.05 0.1484375
0 0.20390625 0.31953125 0.0171875 0.04609375
1 0.425 0.7421875 0.03984375 0.25703125
1 0.73359375 0.29609375 0.05 0.19375
2 0.64140625 0.4484375 0.06875 0.24296875
2 0.6046875 0.35625 0.0453125 0.22109375
2 0.525 0.3171875 0.0578125 0.1984375
2 0.4125 0.4625 0.07734375 0.20234375
3 0.20078125 0.61328125 0.0734375 0.24921875
3 0.296875 0.3828125 0.059375 0.1765625
3 0.5328125 0.609375 0.08046875 0.23671875
4 0.15390625 0.2421875 0.0359375 0.053125