2 0.72578125 0.478125 0.0515625 0.20859375
0 0.72109375 0.45859375 0.0203125 0.0375
1 0.6078125 0.32421875 0.04140625 0.14609375
1 0.41015625 0.7671875 0.08515625 0.2609375
2 0.5828125 0.48984375 0.05078125 0.19609375
2 0.3609375 0.35703125 0.0546875 0.2078125
2 0.51328125 0.49453125 0.05390625 0.2484375
3 0.3015625 0.39609375 0.053125 0.23359375
3 0.41640625 0.48359375 0.04765625 0.2359375
2 0.07578125 0.4125 0.059375 0.2359375
3 0.1359375 0.4296875 0.04609375 0.2296875
4 0.0890625 0.26015625 0.0328125 0.05859375