4 0.259375 0.19140625 0.0359375 0.05625
0 0.27109375 0.1421875 0.0234375 0.04765625
1 0.56171875 0.74453125 0.09140625 0.3125
1 0.7265625 0.23671875 0.04921875 0.190625
1 0.090625 0.35546875 0.0578125 0.2390625
2 0.796875 0.6046875 0.06484375 0.31015625
2 0.22734375 0.71328125 0.096875 0.2640625
2 0.6 0.2671875 0.04453125 0.2140625
3 0.3046875 0.40625 0.04609375 0.16328125
2 0.33203125 0.36015625 0.0359375 0.1546875
2 0.12578125 0.5046875 0.06328125 0.28671875
3 0.62578125 0.35703125 0.040625 0.21875
3 0.646875 0.2953125 0.0234375 0.1828125
3 0.33828125 0.54453125 0.0640625 0.26484375
3 0.2890625 0.3015625 0.046875 0.10703125