1 0.034375 0.3734375 0.0421875 0.2
2 0.6609375 0.403125 0.04609375 0.19921875
1 0.69375 0.3125 0.0375 0.17421875
1 0.40390625 0.746875 0.06796875 0.25703125
3 0.21640625 0.51796875 0.05703125 0.28046875
3 0.22421875 0.35703125 0.0390625 0.14375
3 0.29921875 0.5640625 0.046875 0.20546875
3 0.4640625 0.46796875 0.04453125 0.20859375
2 0.2703125 0.515625 0.03671875 0.196875
3 0.2703125 0.41484375 0.0359375 0.11171875
2 0.5453125 0.45234375 0.04296875 0.21875
2 0.32421875 0.31171875 0.0515625 0.1921875
2 0.440625 0.3984375 0.046875 0.153125
4 0.18828125 0.24375 0.034375 0.0359375