2 0.1203125 0.3671875 0.04296875 0.215625
3 0.1671875 0.38359375 0.0484375 0.225
3 0.31796875 0.3671875 0.04140625 0.215625
3 0.415625 0.46484375 0.0578125 0.23046875
3 0.52265625 0.40703125 0.04296875 0.1703125
3 0.52109375 0.5578125 0.065625 0.1203125
2 0.73046875 0.46328125 0.059375 0.20859375
2 0.39921875 0.340625 0.03984375 0.171875
2 0.6640625 0.55703125 0.0703125 0.2109375
2 0.54609375 0.515625 0.065625 0.1375
0 0.665625 0.52265625 0.02578125 0.04453125
1 0.6171875 0.30390625 0.04609375 0.1578125
1 0.43125 0.75078125 0.07421875 0.2609375
4 0.10625 0.23203125 0.0390625 0.046875