3 0.184375 0.428125 0.05078125 0.17421875
3 0.2171875 0.5921875 0.04609375 0.2203125
3 0.23046875 0.44609375 0.03359375 0.13125
3 0.240625 0.3234375 0.01796875 0.11328125
3 0.403125 0.49765625 0.03828125 0.2203125
2 0.25859375 0.44140625 0.0265625 0.20234375
2 0.3390625 0.46015625 0.046875 0.1796875
2 0.51484375 0.45078125 0.02734375 0.21015625
2 0.58203125 0.3609375 0.03671875 0.16015625
2 0.41953125 0.29296875 0.034375 0.1546875
1 0.36328125 0.74375 0.0515625 0.21328125
1 0.659375 0.29921875 0.021875 0.153125
0 0.18046875 0.2109375 0.02109375 0.0390625
4 0.146875 0.24609375 0.0359375 0.05859375