2 0.72578125 0.4625 0.05546875 0.215625
2 0.60546875 0.4890625 0.06015625 0.18671875
2 0.5203125 0.49765625 0.06640625 0.225
2 0.36171875 0.3640625 0.0625 0.2046875
2 0.0796875 0.38984375 0.07265625 0.2421875
3 0.4171875 0.4734375 0.06015625 0.25625
3 0.14140625 0.42890625 0.05546875 0.2359375
3 0.31015625 0.4109375 0.0546875 0.22890625
3 0.5265625 0.365625 0.03984375 0.11875
1 0.41875 0.76328125 0.07109375 0.253125
1 0.60859375 0.33125 0.05234375 0.16640625
0 0.725 0.440625 0.0203125 0.04296875
4 0.0921875 0.26015625 0.0375 0.05234375