0 0.1703125 0.2234375 0.0265625 0.0484375
2 0.49765625 0.45390625 0.0390625 0.2375
2 0.39765625 0.30859375 0.05234375 0.18203125
2 0.57890625 0.371875 0.04609375 0.2
3 0.2125 0.60390625 0.0640625 0.25390625
3 0.39140625 0.49453125 0.059375 0.23203125
3 0.178125 0.4375 0.053125 0.23203125
3 0.2171875 0.42578125 0.046875 0.1390625
3 0.234375 0.33046875 0.04765625 0.1390625
2 0.30625 0.47265625 0.05078125 0.19765625
2 0.26640625 0.4453125 0.04140625 0.2265625
1 0.6484375 0.31796875 0.0484375 0.184375
1 0.35703125 0.753125 0.07265625 0.26796875