2 0.46640625 0.6703125 0.08515625 0.22421875
1 0.4125 0.778125 0.05859375 0.2453125
0 0.4265625 0.66484375 0.01484375 0.0375
3 0.184375 0.42109375 0.0453125 0.19765625
3 0.3328125 0.42109375 0.03984375 0.19296875
2 0.465625 0.4203125 0.0484375 0.21484375
3 0.50625 0.44453125 0.0484375 0.17109375
3 0.47421875 0.58125 0.06640625 0.1578125
3 0.3734375 0.515625 0.071875 0.2015625
2 0.68046875 0.44609375 0.0640625 0.20625
2 0.56328125 0.5015625 0.05625 0.23359375
2 0.17890625 0.30703125 0.025 0.1
1 0.64140625 0.3265625 0.0375 0.184375
4 0.13515625 0.25390625 0.03203125 0.04453125