0 0.3671875 0.69765625 0.0171875 0.0421875
1 0.43828125 0.765625 0.0328125 0.2390625
1 0.6765625 0.32734375 0.0328125 0.171875
3 0.215625 0.4109375 0.02890625 0.18203125
2 0.225 0.278125 0.01640625 0.0921875
2 0.5828125 0.4734375 0.0296875 0.21953125
2 0.4984375 0.36875 0.025 0.09296875
2 0.703125 0.428125 0.02578125 0.1703125
2 0.4078125 0.628125 0.03828125 0.14453125
3 0.35 0.37421875 0.0359375 0.12265625
3 0.3625 0.525 0.03671875 0.16484375
3 0.4609375 0.578125 0.05234375 0.16953125
3 0.52578125 0.4375 0.03046875 0.1375