3 0.2390625 0.39765625 0.04296875 0.20625
0 0.2234375 0.22421875 0.0265625 0.03515625
3 0.22265625 0.60625 0.05390625 0.24375
3 0.434375 0.51875 0.0515625 0.23671875
3 0.165625 0.4 0.06171875 0.24375
3 0.2640625 0.3265625 0.0390625 0.12890625
2 0.46796875 0.30625 0.05078125 0.190625
2 0.54296875 0.446875 0.0484375 0.22109375
2 0.58984375 0.359375 0.04375 0.22734375
2 0.3984375 0.44609375 0.05 0.21015625
1 0.3796875 0.73515625 0.0703125 0.23828125
1 0.6703125 0.29609375 0.0390625 0.1609375
4 0.15234375 0.23984375 0.03671875 0.05390625