3 0.1109375 0.43359375 0.03984375 0.20390625
3 0.20546875 0.57734375 0.04375 0.22734375
3 0.234375 0.5421875 0.04609375 0.18984375
3 0.68671875 0.68125 0.08828125 0.25
2 0.43671875 0.49140625 0.034375 0.203125
2 0.4375 0.346875 0.03515625 0.11796875
2 0.209375 0.3984375 0.0515625 0.14765625
2 0.603125 0.3421875 0.04375 0.17890625
2 0.6578125 0.384375 0.03828125 0.14296875
2 0.759375 0.44609375 0.01796875 0.20546875
2 0.74921875 0.47265625 0.01015625 0.01015625
2 0.7421875 0.4375 0.00234375 0.0078125
1 0.4859375 0.753125 0.05 0.22734375
1 0.81484375 0.28046875 0.0296875 0.12890625
1 0.00859375 0.3796875 0.0171875 0.16640625
4 0.1515625 0.23828125 0.03515625 0.06171875