3 0.13125 0.3953125 0.04921875 0.2484375
2 0.178125 0.3953125 0.040625 0.23515625
0 0.196875 0.24140625 0.01796875 0.03828125
3 0.2140625 0.60625 0.05 0.22578125
3 0.49765625 0.5484375 0.05546875 0.2359375
3 0.228125 0.4015625 0.0546875 0.2234375
3 0.28203125 0.3640625 0.071875 0.209375
2 0.42421875 0.4265625 0.084375 0.240625
2 0.5234375 0.3015625 0.05625 0.20390625
2 0.60234375 0.446875 0.0765625 0.2125
2 0.6 0.2984375 0.0359375 0.10078125
1 0.70546875 0.284375 0.03828125 0.14609375
1 0.40625 0.7421875 0.046875 0.2703125