3 0.3625 0.45546875 0.09453125 0.128125
2 0.3234375 0.42109375 0.04921875 0.17109375
0 0.3140625 0.3921875 0.01796875 0.04765625
2 0.33046875 0.84140625 0.07265625 0.3171875
2 0.81640625 0.76953125 0.0671875 0.3078125
2 0.6390625 0.57734375 0.07421875 0.296875
2 0.7265625 0.4453125 0.04609375 0.23671875
3 0.93203125 0.56875 0.05859375 0.27578125
3 0.58203125 0.6671875 0.07421875 0.27734375
3 0.33984375 0.5859375 0.04453125 0.2125
3 0.45625 0.4484375 0.07421875 0.2015625
1 0.65 0.8703125 0.0828125 0.25859375
1 0.79453125 0.37421875 0.05546875 0.2015625
1 0.14609375 0.4875 0.046875 0.22421875
4 0.3 0.33046875 0.05078125 0.08671875