0 0.9078125 0.52109375 0.0171875 0.028125
1 0.0609375 0.42890625 0.04296875 0.19921875
1 0.6421875 0.81640625 0.04140625 0.2015625
1 0.8140625 0.3515625 0.02890625 0.12734375
2 0.20078125 0.53671875 0.04765625 0.215625
3 0.46171875 0.48125 0.03203125 0.1890625
2 0.5296875 0.4390625 0.03046875 0.178125
3 0.721875 0.49296875 0.0265625 0.1890625
2 0.79375 0.5046875 0.040625 0.1984375
2 0.94296875 0.49296875 0.03359375 0.184375
3 0.27734375 0.540625 0.0515625 0.178125
3 0.6328125 0.47109375 0.0296875 0.18125
4 0.1875 0.3046875 0.03203125 0.0515625