3 0.19609375 0.61015625 0.06171875 0.24765625
3 0.21484375 0.4578125 0.04609375 0.13203125
2 0.14765625 0.42734375 0.03984375 0.2296875
0 0.20703125 0.4203125 0.0234375 0.034375
3 0.09765625 0.43671875 0.05 0.22890625
3 0.5390625 0.62265625 0.06953125 0.27265625
3 0.321875 0.3953125 0.0546875 0.15546875
2 0.39375 0.4671875 0.06171875 0.20625
2 0.5375 0.31015625 0.04140625 0.16171875
2 0.61171875 0.37265625 0.04921875 0.221875
2 0.67421875 0.43359375 0.0546875 0.26015625
1 0.74921875 0.2875 0.0453125 0.15234375
1 0.44453125 0.75078125 0.0640625 0.2609375