3 0.22578125 0.41015625 0.0328125 0.134375
2 0.2703125 0.39921875 0.03984375 0.16875
3 0.225 0.30703125 0.04140625 0.121875
0 0.27265625 0.3359375 0.01875 0.0421875
2 0.62421875 0.3609375 0.034375 0.19453125
2 0.5078125 0.4375 0.0515625 0.23984375
2 0.371875 0.4296875 0.05859375 0.2296875
2 0.3515625 0.2734375 0.03828125 0.12109375
3 0.41484375 0.45546875 0.06171875 0.23359375
3 0.2484375 0.5578125 0.04921875 0.2265625
3 0.18828125 0.46796875 0.0421875 0.23671875
1 0.378125 0.74140625 0.06875 0.25078125
1 0.67109375 0.30859375 0.0375 0.17265625
1 0.01328125 0.371875 0.0265625 0.215625
4 0.16171875 0.22734375 0.03828125 0.02890625