0 0.2578125 0.22109375 0.0265625 0.0484375
2 0.20859375 0.57109375 0.075 0.3046875
2 0.86328125 0.5578125 0.09375 0.26796875
2 0.659375 0.25078125 0.03515625 0.21796875
2 0.32734375 0.715625 0.0890625 0.328125
3 0.721875 0.34921875 0.05859375 0.221875
3 0.3109375 0.48046875 0.0546875 0.23828125
3 0.6859375 0.2578125 0.04375 0.228125
3 0.28828125 0.3390625 0.03671875 0.1875
1 0.56796875 0.71015625 0.096875 0.3
1 0.7578125 0.21796875 0.04375 0.19453125
1 0.11875 0.33671875 0.0578125 0.23828125
4 0.26953125 0.1734375 0.0375 0.0484375