1 0.3578125 0.74140625 0.06328125 0.240625
1 0.6453125 0.2984375 0.0453125 0.15546875
3 0.196875 0.459375 0.03359375 0.18203125
3 0.21796875 0.3390625 0.03203125 0.14453125
3 0.2171875 0.57734375 0.03828125 0.21328125
2 0.3765625 0.30234375 0.028125 0.1875
2 0.275 0.48203125 0.0328125 0.1703125
2 0.49765625 0.45078125 0.0265625 0.225
2 0.58359375 0.3828125 0.04453125 0.19453125
2 0.30234375 0.42734375 0.046875 0.190625
0 0.20859375 0.22421875 0.0171875 0.0359375
4 0.14140625 0.2453125 0.03203125 0.06015625