3 0.28203125 0.5296875 0.0484375 0.19765625
2 0.31484375 0.56171875 0.06171875 0.20625
0 0.303125 0.4859375 0.028125 0.04140625
1 0.434375 0.75 0.04296875 0.2671875
1 0.05234375 0.35234375 0.03671875 0.1484375
2 0.7015625 0.41171875 0.071875 0.17421875
1 0.70546875 0.28359375 0.03515625 0.0890625
2 0.58984375 0.45859375 0.06015625 0.22265625
3 0.51484375 0.45703125 0.06875 0.2140625
2 0.496875 0.36015625 0.0265625 0.10390625
2 0.27734375 0.2953125 0.05859375 0.178125
3 0.37578125 0.56484375 0.0609375 0.22109375
3 0.3296875 0.39921875 0.0453125 0.17734375
3 0.2265625 0.421875 0.0578125 0.1953125
4 0.2015625 0.23984375 0.034375 0.0421875