2 0.72109375 0.52421875 0.04140625 0.20078125
3 0.765625 0.4859375 0.04375 0.19375
2 0.83671875 0.5 0.0515625 0.2453125
0 0.8171875 0.4046875 0.02109375 0.03984375
3 0.2171875 0.6609375 0.05703125 0.25625
3 0.60625 0.78359375 0.084375 0.29765625
3 0.4453125 0.4625 0.0390625 0.2109375
3 0.7359375 0.39765625 0.0359375 0.09609375
2 0.878125 0.675 0.0546875 0.26171875
2 0.3171875 0.55 0.0640625 0.23828125
1 0.7390625 0.76796875 0.06796875 0.2859375
1 0.25 0.46328125 0.04921875 0.2171875
4 0.8625 0.29453125 0.0359375 0.05234375