1 0.11171875 0.44296875 0.04375 0.20390625
1 0.76640625 0.83984375 0.05546875 0.25234375
1 0.92421875 0.359375 0.05078125 0.16015625
2 0.296875 0.56328125 0.0671875 0.21875
2 0.6578125 0.4921875 0.05234375 0.21953125
2 0.971875 0.48671875 0.05078125 0.21796875
3 0.81796875 0.50234375 0.05234375 0.22734375
3 0.53828125 0.5046875 0.04765625 0.23125
3 0.734375 0.4796875 0.07734375 0.21796875
3 0.5921875 0.41875 0.06015625 0.1890625
3 0.35234375 0.553125 0.05546875 0.2265625
2 0.5734375 0.3609375 0.034375 0.1609375
4 0.24140625 0.3109375 0.03828125 0.06640625