1 0.27109375 0.4 0.04453125 0.19296875
1 0.79140625 0.684375 0.06328125 0.22578125
1 0.74296875 0.33984375 0.03828125 0.15625
3 0.421875 0.57734375 0.04609375 0.24609375
3 0.85390625 0.646875 0.05078125 0.2171875
3 0.4703125 0.340625 0.03671875 0.19375
3 0.5234375 0.35078125 0.03671875 0.16875
2 0.7671875 0.41796875 0.0515625 0.228125
2 0.81015625 0.55 0.0515625 0.16953125
2 0.53125 0.53828125 0.05 0.2234375
2 0.55390625 0.35703125 0.03359375 0.17265625
2 0.590625 0.4140625 0.0484375 0.20703125
4 0.79765625 0.25390625 0.03046875 0.04453125