3 0.73828125 0.6921875 0.09296875 0.26953125
3 0.2015625 0.57890625 0.084375 0.259375
3 0.46015625 0.3484375 0.06640625 0.1515625
3 0.1171875 0.45234375 0.0640625 0.24296875
1 0.83359375 0.30625 0.05390625 0.1578125
1 0.5109375 0.74765625 0.0734375 0.26328125
2 0.45234375 0.5140625 0.0734375 0.22578125
2 0.77890625 0.46953125 0.0609375 0.24375
2 0.67734375 0.4078125 0.0578125 0.18984375
2 0.6171875 0.3328125 0.07890625 0.196875
2 0.24140625 0.39140625 0.06328125 0.13828125
4 0.15234375 0.2453125 0.03203125 0.06953125