2 0.35859375 0.42109375 0.07109375 0.1421875
0 0.33984375 0.45859375 0.0203125 0.0375
1 0.83125 0.4 0.0484375 0.175
1 0.14375 0.50390625 0.0421875 0.21171875
1 0.6796875 0.8890625 0.0625 0.221875
2 0.81328125 0.7859375 0.0609375 0.28359375
2 0.6890625 0.596875 0.06328125 0.28671875
2 0.36484375 0.85390625 0.0796875 0.2921875
3 0.62421875 0.69453125 0.07421875 0.2859375
3 0.48046875 0.44765625 0.08046875 0.17265625
3 0.3703125 0.6234375 0.06640625 0.16171875
3 0.40625 0.5 0.04921875 0.11953125
2 0.7640625 0.49140625 0.0546875 0.2234375
4 0.3078125 0.33515625 0.03984375 0.07734375