2 0.90390625 0.49296875 0.0703125 0.22578125
0 0.8765625 0.459375 0.01875 0.0390625
1 0.62109375 0.809375 0.06953125 0.22421875
1 0.78515625 0.3515625 0.0578125 0.175
1 0.05 0.4203125 0.0578125 0.2109375
2 0.184375 0.525 0.06640625 0.2671875
2 0.753125 0.5078125 0.06328125 0.2328125
3 0.43828125 0.471875 0.03984375 0.19140625
2 0.49609375 0.43359375 0.04921875 0.209375
3 0.25703125 0.5625 0.0734375 0.25859375
3 0.60625 0.5015625 0.0796875 0.24296875
3 0.69375 0.49609375 0.0515625 0.2234375
3 0.4546875 0.36875 0.03984375 0.103125
4 0.1703125 0.29296875 0.03359375 0.0328125