3 0.23515625 0.403125 0.04609375 0.19140625
3 0.2828125 0.3421875 0.0484375 0.16796875
1 0.40078125 0.7203125 0.0578125 0.2484375
3 0.21796875 0.59375 0.06171875 0.23515625
3 0.48671875 0.55234375 0.05859375 0.23984375
1 0.01875 0.359375 0.03046875 0.19296875
2 0.1875 0.40859375 0.034375 0.20390625
1 0.6921875 0.29375 0.04609375 0.15859375
2 0.43125 0.4109375 0.04140625 0.19375
2 0.59296875 0.43828125 0.04921875 0.2171875
3 0.15078125 0.41328125 0.04296875 0.24140625
2 0.51640625 0.28359375 0.05 0.1578125