0 0.8078125 0.12890625 0.01796875 0.03984375
3 0.325 0.5859375 0.059375 0.25859375
3 0.81484375 0.653125 0.04609375 0.221875
3 0.42421875 0.365625 0.03828125 0.1984375
3 0.54765625 0.38203125 0.04296875 0.2078125
2 0.59140625 0.3875 0.04375 0.171875
2 0.6390625 0.41875 0.04921875 0.19296875
3 0.68671875 0.375 0.05 0.1796875
2 0.49140625 0.5390625 0.0609375 0.234375
2 0.84140625 0.62109375 0.05 0.2421875
2 0.73515625 0.42421875 0.05 0.2234375
1 0.6875 0.671875 0.090625 0.28359375
1 0.23515625 0.40390625 0.053125 0.21015625