1 0.025 0.38515625 0.05 0.2078125
2 0.65234375 0.390625 0.06015625 0.24453125
1 0.6921875 0.32109375 0.04765625 0.20234375
1 0.39375 0.740625 0.0734375 0.24453125
2 0.53203125 0.440625 0.06171875 0.24609375
2 0.415625 0.39609375 0.05546875 0.17578125
2 0.3375 0.3046875 0.05703125 0.19296875
3 0.271875 0.54765625 0.05078125 0.2296875
3 0.2046875 0.51015625 0.05 0.24609375
2 0.25546875 0.47265625 0.03828125 0.10625
3 0.21875 0.3453125 0.040625 0.1078125
3 0.44453125 0.471875 0.05546875 0.22109375
3 0.2515625 0.409375 0.034375 0.11484375
4 0.17578125 0.23671875 0.040625 0.02890625