3 0.36875 0.44609375 0.0875 0.11796875
2 0.33359375 0.41171875 0.05 0.1515625
0 0.31796875 0.38359375 0.01796875 0.03515625
1 0.653125 0.875 0.06640625 0.25
1 0.80078125 0.36484375 0.0484375 0.1875
1 0.1421875 0.4875 0.05703125 0.2328125
2 0.33671875 0.821875 0.0890625 0.33359375
2 0.80625 0.753125 0.08046875 0.3109375
2 0.65859375 0.5859375 0.071875 0.26328125
2 0.74140625 0.4453125 0.053125 0.2328125
3 0.95234375 0.55625 0.0890625 0.2421875
3 0.5984375 0.66640625 0.0890625 0.290625
3 0.45390625 0.425 0.0765625 0.1921875
3 0.340625 0.5875 0.08359375 0.196875
4 0.30390625 0.32421875 0.03046875 0.0625