0 0.81171875 0.1671875 0.021875 0.04296875
1 0.2484375 0.425 0.03515625 0.1921875
1 0.71171875 0.6828125 0.065625 0.271875
3 0.3609375 0.59921875 0.059375 0.24453125
3 0.8171875 0.65234375 0.0484375 0.19296875
3 0.44296875 0.3796875 0.0390625 0.175
2 0.51171875 0.546875 0.07265625 0.2359375
3 0.5421875 0.40625 0.03984375 0.20546875
3 0.70078125 0.39609375 0.03984375 0.221875
2 0.628125 0.45078125 0.0578125 0.2296875
2 0.57734375 0.38828125 0.034375 0.20703125
2 0.746875 0.4296875 0.059375 0.23359375
2 0.840625 0.62421875 0.0453125 0.29921875