3 0.25625 0.50625 0.0671875 0.26171875
3 0.259375 0.37734375 0.028125 0.06953125
3 0.29765625 0.34375 0.0484375 0.23359375
3 0.77890625 0.328125 0.04921875 0.24375
3 0.821875 0.23828125 0.0515625 0.1796875
2 0.98359375 0.4515625 0.0328125 0.278125
2 0.47109375 0.69140625 0.11328125 0.30390625
2 0.4328125 0.575 0.1171875 0.26015625
2 0.7296875 0.26796875 0.071875 0.225
2 0.340625 0.440625 0.06640625 0.28359375
1 0.63046875 0.7328125 0.0734375 0.31796875
1 0.13671875 0.3 0.0671875 0.22890625
4 0.27109375 0.16875 0.0390625 0.0609375