3 0.20625 0.615625 0.07109375 0.23046875
3 0.21796875 0.43515625 0.0671875 0.18828125
1 0.41484375 0.74296875 0.06171875 0.253125
3 0.10703125 0.41484375 0.04921875 0.23828125
3 0.2890625 0.3734375 0.06875 0.21796875
3 0.5140625 0.57890625 0.0578125 0.2453125
1 0.71171875 0.27734375 0.0453125 0.15078125
2 0.16328125 0.40625 0.040625 0.21796875
2 0.60078125 0.346875 0.0390625 0.17421875
2 0.625 0.44453125 0.0453125 0.2265625
1 0.0109375 0.37109375 0.021875 0.1953125
0 0.196875 0.253125 0.01953125 0.03203125
4 0.14921875 0.23984375 0.03828125 0.05859375