0 0.39375 0.59375 0.02421875 0.0484375
1 0.58984375 0.8578125 0.0796875 0.284375
1 0.10859375 0.47421875 0.05859375 0.21640625
1 0.74296875 0.3578125 0.05703125 0.1921875
2 0.78828125 0.75234375 0.07578125 0.29140625
2 0.25078125 0.83203125 0.1046875 0.28359375
2 0.52109375 0.5484375 0.065625 0.24453125
2 0.659375 0.41875 0.0609375 0.2265625
2 0.2703125 0.44921875 0.040625 0.19921875
3 0.4234375 0.45703125 0.08125 0.1453125
3 0.5109375 0.68828125 0.1046875 0.2421875
3 0.3046875 0.60390625 0.07265625 0.27265625
3 0.303125 0.43671875 0.0640625 0.13203125
4 0.26953125 0.315625 0.040625 0.075