2 0.95234375 0.48671875 0.0625 0.21328125
0 0.925 0.5109375 0.021875 0.0296875
2 0.19609375 0.53515625 0.07890625 0.24140625
3 0.4609375 0.4828125 0.0484375 0.2203125
2 0.4609375 0.3234375 0.03359375 0.10078125
3 0.4921875 0.40625 0.03828125 0.1875
2 0.53203125 0.42265625 0.03828125 0.196875
2 0.8109375 0.4921875 0.04609375 0.21015625
3 0.7265625 0.4734375 0.04921875 0.2140625
3 0.63671875 0.47109375 0.0515625 0.21875
3 0.275 0.55 0.04765625 0.23359375
1 0.0578125 0.403125 0.03125 0.19453125
1 0.65546875 0.821875 0.05546875 0.240625
1 0.81875 0.34375 0.028125 0.15390625
4 0.1765625 0.2953125 0.03671875 0.04609375