2 0.6546875 0.578125 0.06484375 0.2484375
0 0.64921875 0.590625 0.021875 0.0421875
2 0.71875 0.440625 0.059375 0.2046875
3 0.51953125 0.54921875 0.059375 0.1390625
2 0.5546875 0.47265625 0.05546875 0.09765625
3 0.40859375 0.46796875 0.04609375 0.2125
2 0.415625 0.31796875 0.03671875 0.1125
2 0.1140625 0.35078125 0.03984375 0.228125
1 0.43125 0.746875 0.0765625 0.2609375
1 0.6171875 0.31015625 0.0578125 0.17890625
3 0.3171875 0.3671875 0.05390625 0.215625
3 0.165625 0.3859375 0.06171875 0.2296875
4 0.1109375 0.2265625 0.04140625 0.03984375