2 0.0765625 0.440625 0.04609375 0.2546875
3 0.13125 0.45234375 0.0640625 0.2515625
3 0.303125 0.428125 0.040625 0.22109375
3 0.415625 0.4921875 0.05703125 0.24375
3 0.4828125 0.4859375 0.04453125 0.1515625
1 0.41484375 0.77421875 0.071875 0.27421875
2 0.515625 0.49609375 0.04765625 0.2234375
2 0.56171875 0.4625 0.05078125 0.16953125
1 0.6171875 0.3359375 0.05703125 0.1390625
2 0.7171875 0.478125 0.071875 0.17890625
2 0.365625 0.371875 0.040625 0.21484375
0 0.71328125 0.46796875 0.01953125 0.03203125
4 0.0890625 0.271875 0.0359375 0.0390625