3 0.16015625 0.39765625 0.05234375 0.2390625
2 0.21015625 0.3734375 0.0453125 0.24140625
0 0.215625 0.20234375 0.01640625 0.028125
1 0.671875 0.296875 0.0359375 0.171875
1 0.37734375 0.73046875 0.06171875 0.2609375
3 0.2234375 0.6078125 0.053125 0.2609375
3 0.43984375 0.51953125 0.0546875 0.2234375
3 0.23984375 0.41484375 0.0453125 0.2265625
3 0.2765625 0.34921875 0.0453125 0.184375
2 0.40234375 0.4390625 0.0546875 0.20625
2 0.5484375 0.4484375 0.046875 0.22578125
2 0.47734375 0.29296875 0.03515625 0.1875
2 0.58984375 0.3375 0.04375 0.2203125
4 0.1546875 0.23203125 0.03515625 0.05546875