3 0.103125 0.47265625 0.04921875 0.23671875
3 0.2734375 0.42890625 0.0625 0.22265625
3 0.4125 0.4875 0.05859375 0.20625
2 0.503125 0.4984375 0.05 0.2359375
2 0.46640625 0.4453125 0.03515625 0.1953125
3 0.53046875 0.475 0.03984375 0.21875
2 0.70859375 0.48125 0.06875 0.19375
2 0.05078125 0.45390625 0.059375 0.23203125
2 0.3578125 0.38671875 0.05625 0.22734375
1 0.60078125 0.34375 0.07265625 0.14921875
1 0.4109375 0.79140625 0.075 0.246875
0 0.6953125 0.4453125 0.0171875 0.0390625
4 0.06171875 0.278125 0.03984375 0.04609375