2 0.64921875 0.5359375 0.06953125 0.21484375
2 0.73359375 0.4390625 0.07109375 0.21953125
3 0.51875 0.54296875 0.0484375 0.10859375
2 0.5484375 0.51796875 0.0703125 0.175
2 0.4 0.33515625 0.046875 0.17421875
2 0.103125 0.35859375 0.06015625 0.2296875
3 0.15625 0.38984375 0.0625 0.2421875
3 0.315625 0.371875 0.04296875 0.21484375
3 0.41796875 0.44609375 0.0390625 0.25703125
3 0.5234375 0.36796875 0.0390625 0.134375
1 0.61640625 0.3046875 0.04765625 0.1640625
1 0.4265625 0.7375 0.0765625 0.2421875
0 0.66484375 0.47421875 0.0203125 0.03984375
4 0.1078125 0.234375 0.034375 0.05390625