0 0.9203125 0.5296875 0.0203125 0.03046875
2 0.95703125 0.4859375 0.0359375 0.18046875
2 0.81015625 0.50703125 0.05 0.2265625
3 0.490625 0.4046875 0.03125 0.18359375
2 0.528125 0.43046875 0.04375 0.203125
2 0.20234375 0.5390625 0.06328125 0.23046875
3 0.2828125 0.55859375 0.0703125 0.24140625
3 0.465625 0.48515625 0.05546875 0.2375
3 0.6390625 0.47421875 0.06171875 0.203125
3 0.7234375 0.478125 0.05390625 0.20546875
2 0.4609375 0.3421875 0.04375 0.11015625
1 0.64296875 0.79765625 0.05390625 0.24765625
1 0.05546875 0.41171875 0.04765625 0.215625
1 0.81796875 0.3328125 0.028125 0.1328125
4 0.1828125 0.2890625 0.03828125 0.034375