3 0.12578125 0.6296875 0.053125 0.2765625
3 0.490625 0.7421875 0.07734375 0.2796875
3 0.459375 0.4265625 0.05859375 0.22734375
3 0.70078125 0.49375 0.059375 0.23203125
1 0.75625 0.32421875 0.04453125 0.17578125
3 0.78828125 0.3359375 0.0453125 0.15703125
1 0.78046875 0.75 0.05546875 0.271875
1 0.25625 0.41953125 0.071875 0.20390625
2 0.875 0.61640625 0.05390625 0.2359375
2 0.17734375 0.5125 0.0546875 0.2328125
2 0.784375 0.5328125 0.0640625 0.2046875
2 0.87734375 0.39765625 0.0515625 0.2140625
2 0.8125 0.45625 0.04375 0.240625
4 0.884375 0.24921875 0.02734375 0.046875