2 0.16640625 0.38671875 0.03359375 0.2359375
3 0.22265625 0.4 0.06171875 0.18828125
0 0.1953125 0.24375 0.015625 0.05078125
3 0.128125 0.38359375 0.06328125 0.2671875
3 0.2125 0.62109375 0.0703125 0.25546875
3 0.5109375 0.5671875 0.0859375 0.24921875
3 0.28359375 0.3640625 0.0796875 0.20078125
2 0.41875 0.43046875 0.0765625 0.22109375
2 0.52734375 0.309375 0.05 0.18359375
2 0.6109375 0.4390625 0.0515625 0.253125
2 0.5984375 0.29609375 0.05546875 0.10546875
1 0.41171875 0.74375 0.07109375 0.259375
1 0.70546875 0.2796875 0.059375 0.16015625