2 0.3234375 0.409375 0.04921875 0.17890625
0 0.3109375 0.3890625 0.02734375 0.05078125
1 0.64453125 0.8734375 0.0828125 0.253125
1 0.79140625 0.375 0.059375 0.18828125
1 0.13671875 0.4859375 0.0546875 0.23046875
2 0.33046875 0.83203125 0.05625 0.32109375
2 0.80859375 0.76015625 0.06796875 0.28828125
2 0.6421875 0.5859375 0.0734375 0.2453125
2 0.7265625 0.43671875 0.046875 0.23359375
3 0.94375 0.5734375 0.07265625 0.26640625
3 0.5796875 0.6671875 0.07109375 0.27734375
3 0.33671875 0.57890625 0.06171875 0.1890625
3 0.4546875 0.44453125 0.06328125 0.17109375
3 0.3578125 0.4609375 0.04375 0.17109375
4 0.30078125 0.3296875 0.046875 0.08046875