1 0.1484375 0.5046875 0.04609375 0.23125
1 0.67890625 0.8828125 0.0671875 0.234375
1 0.82421875 0.384375 0.0515625 0.18984375
2 0.81640625 0.7828125 0.07109375 0.30625
2 0.3625 0.85390625 0.0875 0.2921875
2 0.6875 0.603125 0.08046875 0.27890625
2 0.7640625 0.47265625 0.04921875 0.25
2 0.36171875 0.41484375 0.0640625 0.17578125
0 0.33671875 0.434375 0.025 0.04375
3 0.475 0.43203125 0.08203125 0.17890625
3 0.41171875 0.553125 0.05703125 0.253125
3 0.36640625 0.61484375 0.0640625 0.175
3 0.6171875 0.6953125 0.08125 0.275
4 0.3046875 0.334375 0.05625 0.0890625