1 0.63203125 0.86796875 0.05859375 0.26328125
1 0.78515625 0.37109375 0.0390625 0.17265625
1 0.13125 0.4890625 0.04921875 0.19921875
2 0.2984375 0.8375 0.0828125 0.29375
2 0.809375 0.7546875 0.06171875 0.2953125
2 0.6984375 0.43828125 0.065625 0.20390625
2 0.59765625 0.5546875 0.0640625 0.21953125
2 0.31015625 0.41796875 0.0546875 0.12578125
3 0.44453125 0.46640625 0.07109375 0.13046875
3 0.87890625 0.53671875 0.0625 0.2390625
3 0.55234375 0.675 0.06953125 0.234375
3 0.3234375 0.60390625 0.0734375 0.234375
3 0.3359375 0.4515625 0.0703125 0.096875
4 0.29765625 0.328125 0.0359375 0.071875