2 0.15859375 0.41640625 0.04140625 0.2265625
0 0.196875 0.2546875 0.01796875 0.04140625
3 0.10859375 0.4140625 0.0546875 0.23515625
3 0.21796875 0.43984375 0.07421875 0.17578125
3 0.28125 0.3546875 0.0734375 0.19453125
3 0.20625 0.62109375 0.08203125 0.25078125
3 0.5125 0.58125 0.0796875 0.2921875
2 0.42109375 0.45546875 0.0578125 0.1828125
2 0.628125 0.44765625 0.04765625 0.21875
2 0.6015625 0.35390625 0.046875 0.19296875
2 0.525 0.296875 0.0453125 0.18046875
1 0.40859375 0.7453125 0.0609375 0.26328125
1 0.715625 0.28984375 0.04296875 0.18125
4 0.1484375 0.240625 0.04375 0.0578125