3 0.11484375 0.44609375 0.065625 0.24375
3 0.46875 0.35546875 0.04921875 0.16796875
3 0.75 0.68828125 0.08046875 0.26875
3 0.21171875 0.59609375 0.06875 0.209375
3 0.24609375 0.5375 0.05703125 0.20390625
2 0.45546875 0.51796875 0.0640625 0.22109375
2 0.63359375 0.315625 0.04375 0.1765625
2 0.7921875 0.440625 0.0765625 0.2
2 0.68515625 0.409375 0.065625 0.20703125
2 0.24296875 0.4 0.0671875 0.15078125
1 0.84609375 0.3046875 0.040625 0.16015625
1 0.51796875 0.74140625 0.0765625 0.25078125
4 0.14921875 0.24296875 0.04375 0.06484375