3 0.34765625 0.56640625 0.0484375 0.18828125
3 0.3625 0.50546875 0.065625 0.209375
3 0.94609375 0.56484375 0.09453125 0.25
3 0.5859375 0.66875 0.08515625 0.29921875
3 0.45625 0.44921875 0.06640625 0.1859375
1 0.65234375 0.86328125 0.065625 0.27265625
1 0.80390625 0.37421875 0.05 0.2015625
1 0.14140625 0.48671875 0.0578125 0.21796875
2 0.32890625 0.81875 0.07109375 0.32734375
2 0.80703125 0.75546875 0.071875 0.30234375
2 0.65390625 0.58515625 0.07265625 0.24375
2 0.7296875 0.43515625 0.05546875 0.253125
2 0.32265625 0.396875 0.0671875 0.18203125
0 0.3171875 0.3859375 0.02421875 0.0484375
4 0.296875 0.33203125 0.05234375 0.0890625