1 0.096875 0.446875 0.0421875 0.1703125
1 0.696875 0.8015625 0.07578125 0.26484375
1 0.71171875 0.409375 0.0484375 0.165625
3 0.89296875 0.6390625 0.05390625 0.23203125
3 0.42578125 0.61015625 0.0671875 0.21875
2 0.4375 0.45859375 0.0484375 0.14765625
3 0.4921875 0.375 0.03828125 0.17109375
3 0.5515625 0.67890625 0.07265625 0.20390625
3 0.23046875 0.4671875 0.05 0.22578125
2 0.77421875 0.596875 0.08203125 0.20703125
2 0.5734375 0.43046875 0.04765625 0.17421875
2 0.5859375 0.5609375 0.05390625 0.0984375
2 0.48671875 0.58984375 0.06484375 0.22109375