0 0.1859375 0.20859375 0.015625 0.03671875
3 0.175 0.4484375 0.0546875 0.22578125
3 0.21953125 0.59296875 0.040625 0.23203125
3 0.4078125 0.509375 0.04296875 0.259375
3 0.2296875 0.425 0.0546875 0.14140625
2 0.253125 0.4203125 0.05859375 0.16875
3 0.25 0.32109375 0.04921875 0.11015625
2 0.425 0.278125 0.053125 0.21328125
2 0.5140625 0.45 0.0359375 0.2234375
2 0.584375 0.37265625 0.04296875 0.19296875
2 0.346875 0.4625 0.05625 0.19375
1 0.65390625 0.3296875 0.034375 0.21484375
1 0.3609375 0.74375 0.078125 0.24609375