3 0.22421875 0.6859375 0.0625 0.26953125
3 0.63515625 0.78984375 0.05703125 0.2546875
3 0.45078125 0.46484375 0.05703125 0.2109375
2 0.70859375 0.53515625 0.04609375 0.20859375
3 0.7609375 0.49375 0.03984375 0.17734375
3 0.72734375 0.43203125 0.02734375 0.1453125
2 0.86875 0.67890625 0.046875 0.2453125
2 0.8265625 0.509375 0.06015625 0.23046875
2 0.34140625 0.57890625 0.07109375 0.259375
1 0.25078125 0.47109375 0.04765625 0.196875
1 0.7390625 0.75625 0.0609375 0.2578125
1 0.80625 0.38046875 0.03046875 0.13046875
4 0.85625 0.30546875 0.03203125 0.05546875