3 0.18046875 0.64375 0.0609375 0.26875
3 0.51796875 0.7375 0.08515625 0.3125
2 0.73359375 0.52265625 0.05 0.225
3 0.76484375 0.47421875 0.05 0.225
3 0.44140625 0.41953125 0.05703125 0.21328125
1 0.75546875 0.7359375 0.065625 0.253125
1 0.24765625 0.4234375 0.0421875 0.2125
2 0.78515625 0.440625 0.02890625 0.2375
1 0.809375 0.36953125 0.0296875 0.16484375
2 0.8703125 0.63671875 0.04609375 0.25390625
2 0.275 0.52109375 0.0515625 0.240625
2 0.8625 0.4375 0.0578125 0.18515625
4 0.8640625 0.26015625 0.03125 0.046875