3 0.20390625 0.61328125 0.065625 0.2453125
2 0.15625 0.42421875 0.046875 0.20390625
3 0.21953125 0.45625 0.0484375 0.11015625
0 0.20859375 0.4671875 0.01796875 0.040625
3 0.09609375 0.44296875 0.0609375 0.2328125
3 0.54765625 0.64921875 0.06015625 0.275
3 0.3359375 0.39140625 0.05703125 0.21796875
2 0.54375 0.30546875 0.04609375 0.16640625
2 0.6078125 0.36484375 0.05078125 0.17421875
2 0.68125 0.4359375 0.04296875 0.2375
2 0.3953125 0.47265625 0.0640625 0.19921875
1 0.44140625 0.7421875 0.046875 0.253125
1 0.75390625 0.28828125 0.03984375 0.1546875
4 0.15234375 0.2203125 0.034375 0.03359375