0 0.1953125 0.21796875 0.015625 0.03828125
3 0.21953125 0.60625 0.0484375 0.221875
3 0.415625 0.50234375 0.046875 0.22734375
3 0.1671875 0.4546875 0.0578125 0.209375
3 0.2265625 0.43046875 0.04609375 0.1609375
3 0.2453125 0.31640625 0.04921875 0.1234375
2 0.58515625 0.378125 0.05078125 0.19453125
2 0.51171875 0.4546875 0.0671875 0.23828125
2 0.43515625 0.3 0.04140625 0.18671875
2 0.35 0.46328125 0.0546875 0.2046875
1 0.3671875 0.7453125 0.0875 0.2390625
1 0.65703125 0.31875 0.05 0.1609375
4 0.1453125 0.25390625 0.03671875 0.053125