2 0.53359375 0.6609375 0.08046875 0.20546875
0 0.5015625 0.73046875 0.0265625 0.04921875
3 0.178125 0.39296875 0.05078125 0.20234375
3 0.3375 0.39765625 0.0421875 0.2015625
2 0.446875 0.390625 0.05234375 0.2109375
3 0.5015625 0.41640625 0.04765625 0.16015625
3 0.4015625 0.50390625 0.08203125 0.23359375
3 0.4875 0.55625 0.06875 0.140625
2 0.15390625 0.30859375 0.03203125 0.13984375
2 0.684375 0.43203125 0.04765625 0.17890625
1 0.421875 0.75390625 0.08125 0.28046875
1 0.63359375 0.31875 0.04609375 0.16953125
4 0.12109375 0.25 0.0328125 0.0546875