0 0.19453125 0.22109375 0.02265625 0.03203125
2 0.434375 0.30703125 0.046875 0.1875
2 0.35234375 0.46328125 0.04296875 0.19765625
2 0.51171875 0.45078125 0.04609375 0.2203125
2 0.58203125 0.3625 0.03125 0.17578125
1 0.65546875 0.31328125 0.0328125 0.16328125
1 0.36171875 0.75390625 0.0640625 0.25078125
3 0.409375 0.49921875 0.04140625 0.23515625
3 0.21484375 0.60390625 0.059375 0.240625
3 0.25078125 0.31328125 0.0484375 0.1015625
3 0.17109375 0.44765625 0.05859375 0.20234375
3 0.234375 0.44375 0.0296875 0.153125