3 0.128125 0.38046875 0.04609375 0.23203125
2 0.1796875 0.38515625 0.04921875 0.22265625
0 0.19609375 0.2359375 0.01953125 0.02734375
3 0.21796875 0.615625 0.06796875 0.24921875
3 0.50078125 0.56015625 0.04765625 0.259375
3 0.2828125 0.365625 0.05859375 0.18515625
3 0.2203125 0.39609375 0.0390625 0.17578125
2 0.41796875 0.41484375 0.06015625 0.21796875
2 0.60234375 0.43984375 0.0515625 0.21328125
2 0.60234375 0.303125 0.05 0.1203125
2 0.525 0.3015625 0.05 0.1671875
4 0.153125 0.22265625 0.0375 0.034375