0 0.41328125 0.5453125 0.0265625 0.053125
2 0.6375 0.38671875 0.0609375 0.2359375
2 0.775 0.74453125 0.0625 0.278125
3 0.48203125 0.69375 0.08671875 0.275
2 0.5 0.5484375 0.075 0.2234375
2 0.2390625 0.48203125 0.07578125 0.2359375
2 0.234375 0.83828125 0.09140625 0.31015625
1 0.584375 0.8609375 0.07421875 0.27734375
1 0.7375 0.35703125 0.0375 0.18125
1 0.09921875 0.478125 0.0421875 0.225
3 0.765625 0.50234375 0.06171875 0.24921875
3 0.44375 0.45859375 0.0640625 0.17578125
3 0.3046875 0.58984375 0.05 0.259375
3 0.29609375 0.425 0.0484375 0.1
4 0.26484375 0.31796875 0.03984375 0.08359375