3 0.50703125 0.3359375 0.04296875 0.18515625
0 0.51484375 0.24921875 0.02109375 0.03515625
3 0.625 0.603125 0.07265625 0.2703125
3 0.8921875 0.465625 0.06484375 0.20390625
2 0.7078125 0.56953125 0.06640625 0.240625
3 0.67421875 0.46328125 0.03671875 0.20859375
1 0.896875 0.678125 0.053125 0.25859375
2 0.93984375 0.55 0.06171875 0.22890625
2 0.625 0.39453125 0.059375 0.1734375
2 0.70859375 0.41171875 0.02890625 0.14296875
1 0.3453125 0.371875 0.04765625 0.16875
1 0.7875 0.353125 0.0484375 0.16875
4 0.83984375 0.2578125 0.02421875 0.0453125