1 0.30390625 0.428125 0.04296875 0.19453125
1 0.85859375 0.7 0.04296875 0.2328125
2 0.70390625 0.440625 0.06640625 0.2
1 0.74453125 0.38046875 0.04375 0.16796875
3 0.47890625 0.37421875 0.0359375 0.16875
2 0.53671875 0.3953125 0.046875 0.2109375
0 0.53984375 0.23515625 0.01875 0.03828125
3 0.44140625 0.60078125 0.0640625 0.2421875
3 0.9171875 0.67109375 0.05234375 0.2484375
2 0.84140625 0.52109375 0.0625 0.14375
3 0.8703125 0.4734375 0.0484375 0.21015625
2 0.57890625 0.5734375 0.05859375 0.225
3 0.56796875 0.421875 0.03984375 0.16171875
2 0.61484375 0.44375 0.06484375 0.19296875
4 0.796875 0.2828125 0.03046875 0.04375