2 0.30546875 0.56953125 0.05859375 0.2078125
3 0.27890625 0.51640625 0.0453125 0.19921875
3 0.325 0.39296875 0.059375 0.1734375
0 0.3109375 0.475 0.021875 0.0421875
3 0.23203125 0.41640625 0.0578125 0.19296875
2 0.70234375 0.40546875 0.0484375 0.1859375
2 0.58203125 0.46328125 0.05703125 0.221875
2 0.2828125 0.30078125 0.05859375 0.17578125
3 0.51640625 0.45078125 0.07109375 0.225
2 0.49375 0.36953125 0.03046875 0.109375
3 0.36875 0.54765625 0.0734375 0.246875
1 0.4328125 0.74453125 0.0765625 0.265625
1 0.71015625 0.29453125 0.0375 0.12578125
1 0.0546875 0.365625 0.0515625 0.18515625
4 0.2015625 0.2328125 0.03359375 0.02421875