3 0.2203125 0.33203125 0.0421875 0.13515625
0 0.2203125 0.23046875 0.01875 0.02578125
3 0.18984375 0.475 0.0484375 0.18984375
3 0.22265625 0.5875 0.03203125 0.26328125
3 0.3890625 0.47265625 0.04609375 0.19921875
2 0.275 0.46953125 0.046875 0.1796875
2 0.309375 0.43046875 0.06328125 0.2078125
2 0.4953125 0.440625 0.06796875 0.24140625
2 0.590625 0.375 0.05625 0.221875
2 0.37734375 0.29453125 0.05078125 0.209375
2 0.36015625 0.74453125 0.0890625 0.25703125
2 0.65234375 0.30390625 0.05703125 0.18203125
4 0.14140625 0.234375 0.03828125 0.03125