1 0.01015625 0.378125 0.01953125 0.2234375
1 0.36953125 0.72890625 0.06953125 0.2671875
2 0.61796875 0.35390625 0.04609375 0.1796875
1 0.66640625 0.29921875 0.040625 0.1671875
2 0.5046875 0.4265625 0.04375 0.22734375
2 0.36484375 0.4265625 0.06015625 0.21875
2 0.35390625 0.26640625 0.0453125 0.13515625
3 0.23828125 0.56015625 0.05390625 0.259375
3 0.225 0.3984375 0.0390625 0.12890625
2 0.26953125 0.409375 0.05234375 0.13203125
3 0.196875 0.46328125 0.046875 0.20859375
3 0.2203125 0.30078125 0.03046875 0.0921875
3 0.4125 0.45 0.05859375 0.20546875
0 0.26953125 0.33125 0.0203125 0.0390625
4 0.15703125 0.22578125 0.0359375 0.034375