2 0.42578125 0.428125 0.0546875 0.21171875
2 0.5671875 0.4328125 0.03984375 0.23125
2 0.50390625 0.30078125 0.05234375 0.184375
2 0.603125 0.34375 0.04296875 0.19609375
3 0.15859375 0.4265625 0.0453125 0.23203125
2 0.203125 0.39921875 0.0359375 0.2234375
3 0.46953125 0.521875 0.0453125 0.2515625
3 0.225 0.60703125 0.06640625 0.24609375
3 0.246875 0.41171875 0.0453125 0.17421875
3 0.28125 0.33984375 0.05 0.17421875
1 0.3859375 0.68125 0.065625 0.1859375
1 0.6859375 0.28046875 0.03828125 0.16640625
1 0.0125 0.3640625 0.01953125 0.21640625
0 0.209375 0.21328125 0.021875 0.02734375
4 0.15625 0.2171875 0.03828125 0.02890625