0 0.37890625 0.659375 0.01796875 0.03125
3 0.20078125 0.41171875 0.0390625 0.1890625
3 0.3609375 0.51328125 0.0609375 0.19296875
3 0.34296875 0.36328125 0.04765625 0.11875
2 0.49296875 0.4109375 0.02734375 0.1828125
3 0.51328125 0.453125 0.04375 0.18359375
3 0.4609375 0.58515625 0.08359375 0.22578125
2 0.696875 0.43046875 0.06015625 0.21171875
2 0.57421875 0.475 0.06015625 0.22734375
1 0.42578125 0.76328125 0.0546875 0.2703125
2 0.41953125 0.59140625 0.0578125 0.1125
2 0.21328125 0.2734375 0.03515625 0.10078125
1 0.66328125 0.325 0.0484375 0.15390625
3 0.025 0.346875 0.03046875 0.1640625
4 0.1578125 0.24375 0.0328125 0.03359375