0 0.80625 0.23125 0.01328125 0.04140625
1 0.2390625 0.43203125 0.0453125 0.1921875
1 0.678125 0.721875 0.07265625 0.26796875
3 0.30859375 0.60234375 0.059375 0.25078125
3 0.43046875 0.3984375 0.0359375 0.20390625
3 0.80234375 0.72109375 0.07578125 0.2328125
3 0.5875 0.4171875 0.05 0.2171875
2 0.46015625 0.56015625 0.0640625 0.23515625
2 0.84375 0.66171875 0.0671875 0.25390625
2 0.63828125 0.43359375 0.0390625 0.2046875
2 0.74375 0.44609375 0.065625 0.23046875
2 0.67890625 0.4453125 0.05 0.2609375