0 0.17265625 0.22265625 0.01953125 0.0375
3 0.18046875 0.44140625 0.05078125 0.2109375
3 0.21484375 0.59140625 0.06484375 0.26015625
3 0.39609375 0.49375 0.0578125 0.23671875
3 0.21796875 0.43828125 0.0421875 0.14921875
3 0.23828125 0.32734375 0.04140625 0.153125
2 0.396875 0.2890625 0.0515625 0.17890625
2 0.49609375 0.4328125 0.0515625 0.25390625
2 0.58671875 0.37109375 0.0453125 0.20859375
2 0.26484375 0.42890625 0.04296875 0.21875
2 0.30859375 0.4671875 0.03359375 0.19296875
1 0.3625 0.75390625 0.09140625 0.24765625
1 0.65078125 0.30625 0.04921875 0.1859375