2 0.70234375 0.471875 0.046875 0.22109375
0 0.69140625 0.41015625 0.0203125 0.0375
2 0.03203125 0.4703125 0.0640625 0.25859375
2 0.35 0.39765625 0.0484375 0.2390625
2 0.49375 0.4984375 0.05703125 0.21015625
3 0.08984375 0.47578125 0.0390625 0.20078125
3 0.26640625 0.428125 0.05390625 0.22109375
3 0.41796875 0.48828125 0.0359375 0.2265625
3 0.52109375 0.46328125 0.04453125 0.184375
3 0.39921875 0.40859375 0.03515625 0.1546875
1 0.5984375 0.33828125 0.034375 0.171875
1 0.41015625 0.80234375 0.06015625 0.2671875
4 0.04609375 0.27578125 0.03671875 0.04609375