2 0.63359375 0.5078125 0.06953125 0.1953125
0 0.671875 0.446875 0.021875 0.05546875
1 0.60625 0.29765625 0.05546875 0.1671875
1 0.4203125 0.740625 0.0828125 0.278125
3 0.15 0.4015625 0.05 0.23125
3 0.31640625 0.3734375 0.04453125 0.22109375
3 0.41484375 0.45546875 0.04765625 0.23671875
2 0.53125 0.49296875 0.07578125 0.1796875
3 0.51484375 0.375 0.0515625 0.121875
2 0.72734375 0.45546875 0.0484375 0.2296875
2 0.384375 0.34453125 0.05 0.16015625
2 0.090625 0.36171875 0.06015625 0.23203125
4 0.09765625 0.23984375 0.03671875 0.053125