0 0.6765625 0.44140625 0.0234375 0.0421875
2 0.7234375 0.44765625 0.0453125 0.20546875
2 0.63203125 0.5078125 0.06484375 0.20546875
2 0.525 0.49921875 0.059375 0.19453125
2 0.38671875 0.35078125 0.04921875 0.16484375
2 0.0875 0.3859375 0.06328125 0.23828125
3 0.31015625 0.371875 0.04921875 0.2109375
3 0.14765625 0.3984375 0.05 0.2171875
3 0.41171875 0.45234375 0.05703125 0.228125
3 0.509375 0.375 0.05546875 0.1203125
1 0.60390625 0.3 0.05625 0.16953125
1 0.4140625 0.73828125 0.08046875 0.29140625
4 0.096875 0.23984375 0.0359375 0.05625