2 0.6125 0.64375 0.06875 0.22265625
0 0.61640625 0.63515625 0.02421875 0.03828125
2 0.13125 0.3375 0.04453125 0.2078125
3 0.41875 0.46953125 0.05625 0.2171875
2 0.4375 0.34453125 0.03828125 0.16015625
3 0.5140625 0.5671875 0.05859375 0.15234375
2 0.55234375 0.4953125 0.0578125 0.22578125
2 0.69375 0.4375 0.06171875 0.20234375
1 0.43515625 0.7390625 0.06953125 0.26875
1 0.6234375 0.30703125 0.05078125 0.159375
3 0.509375 0.4109375 0.04453125 0.19609375
3 0.32890625 0.375 0.04765625 0.2125
3 0.16953125 0.38671875 0.053125 0.1984375
4 0.11484375 0.24453125 0.03203125 0.0484375