1 0.7875 0.68984375 0.05859375 0.24921875
3 0.84765625 0.646875 0.0703125 0.22421875
3 0.41953125 0.5828125 0.06796875 0.2484375
3 0.46875 0.34453125 0.03828125 0.1890625
3 0.52421875 0.36171875 0.04296875 0.171875
1 0.275 0.40703125 0.0515625 0.203125
1 0.74765625 0.34453125 0.034375 0.16015625
2 0.5328125 0.53984375 0.04921875 0.23671875
2 0.7734375 0.425 0.0578125 0.21484375
2 0.81796875 0.5234375 0.04296875 0.134375
2 0.59921875 0.43046875 0.046875 0.21171875
2 0.55546875 0.359375 0.03515625 0.18984375
4 0.79921875 0.2546875 0.025 0.05078125