1 0.08359375 0.3984375 0.04140625 0.24609375
1 0.55625 0.76171875 0.065625 0.31015625
1 0.71640625 0.2703125 0.05703125 0.20703125
2 0.77734375 0.640625 0.06953125 0.31796875
3 0.28828125 0.41484375 0.0390625 0.25078125
3 0.31796875 0.34453125 0.05234375 0.24453125
2 0.33828125 0.34140625 0.0328125 0.23828125
2 0.13515625 0.5109375 0.06953125 0.26171875
2 0.2140625 0.7328125 0.096875 0.28046875
3 0.58125 0.38984375 0.04453125 0.22890625
2 0.59921875 0.296875 0.0421875 0.22265625
3 0.34140625 0.5953125 0.0734375 0.3109375
3 0.6421875 0.35625 0.04375 0.25859375
0 0.31484375 0.14453125 0.02421875 0.0515625
4 0.24921875 0.2234375 0.0359375 0.06328125