2 0.38828125 0.63828125 0.0609375 0.22109375
0 0.36328125 0.65625 0.01484375 0.03828125
2 0.71171875 0.41640625 0.05078125 0.20234375
2 0.58984375 0.475 0.0703125 0.24921875
3 0.5296875 0.42890625 0.05078125 0.21875
2 0.5078125 0.36171875 0.0328125 0.1390625
2 0.24296875 0.25234375 0.04609375 0.13359375
3 0.45078125 0.56484375 0.08671875 0.17890625
3 0.3453125 0.50078125 0.0671875 0.22734375
3 0.3640625 0.35703125 0.06015625 0.13046875
3 0.22890625 0.41640625 0.04609375 0.19765625
1 0.44375 0.75 0.07734375 0.2671875
1 0.6890625 0.3171875 0.046875 0.18984375
1 0.0515625 0.34765625 0.03828125 0.12890625
4 0.18359375 0.2296875 0.03671875 0.03046875