2 0.01875 0.46953125 0.0375 0.2328125
2 0.32265625 0.41328125 0.03671875 0.19609375
3 0.353125 0.41640625 0.03671875 0.16015625
2 0.38125 0.4015625 0.03046875 0.1265625
2 0.48125 0.515625 0.0609375 0.2390625
2 0.6828125 0.48671875 0.06875 0.2
1 0.57734375 0.33828125 0.0609375 0.18125
1 0.390625 0.803125 0.0703125 0.28671875
3 0.50703125 0.45859375 0.034375 0.1890625
3 0.25390625 0.44609375 0.0546875 0.24375
3 0.0671875 0.5046875 0.053125 0.22265625
3 0.4046875 0.5046875 0.04921875 0.24453125
0 0.671875 0.42265625 0.01796875 0.02890625
4 0.02109375 0.2921875 0.03984375 0.06953125