3 0.09921875 0.63671875 0.065625 0.3
3 0.503125 0.72578125 0.065625 0.30703125
3 0.65703125 0.4953125 0.0484375 0.2453125
3 0.46171875 0.4234375 0.06953125 0.25859375
3 0.76796875 0.35703125 0.0453125 0.19921875
1 0.76015625 0.7515625 0.07265625 0.24765625
1 0.2265625 0.4171875 0.06015625 0.221875
2 0.87421875 0.6 0.0578125 0.25546875
2 0.1359375 0.52265625 0.0609375 0.25390625
2 0.79140625 0.53515625 0.04765625 0.24140625
2 0.8671875 0.36484375 0.05078125 0.22890625
4 0.88203125 0.24609375 0.02578125 0.046875