0 0.421875 0.5359375 0.0203125 0.04375
2 0.77734375 0.73515625 0.06171875 0.31328125
2 0.6328125 0.4 0.04375 0.24765625
2 0.228125 0.8203125 0.09296875 0.30703125
2 0.2375 0.48828125 0.06875 0.23046875
2 0.49375 0.553125 0.078125 0.2484375
3 0.75625 0.4875 0.071875 0.21953125
3 0.4671875 0.6859375 0.08515625 0.278125
3 0.30625 0.5828125 0.06328125 0.2859375
3 0.4515625 0.4734375 0.053125 0.1921875
3 0.296875 0.415625 0.0421875 0.140625
1 0.57109375 0.8515625 0.0796875 0.296875
1 0.734375 0.35703125 0.04609375 0.18125
1 0.1 0.471875 0.0546875 0.22578125
4 0.26484375 0.31328125 0.04296875 0.06640625