2 0.50390625 0.6765625 0.09921875 0.20859375
1 0.4234375 0.76328125 0.07578125 0.253125
0 0.4765625 0.68984375 0.0203125 0.04140625
3 0.17421875 0.41953125 0.0375 0.20859375
2 0.16328125 0.31328125 0.0328125 0.13046875
2 0.68125 0.43828125 0.04296875 0.20859375
2 0.46171875 0.39765625 0.0453125 0.20625
2 0.5671875 0.4890625 0.0734375 0.2328125
3 0.3375 0.41953125 0.053125 0.1953125
3 0.3859375 0.515625 0.07578125 0.234375
3 0.48203125 0.55 0.08125 0.13671875
3 0.5046875 0.440625 0.053125 0.18671875
1 0.62734375 0.32109375 0.06640625 0.20234375
4 0.12734375 0.24921875 0.03828125 0.040625