3 0.121875 0.45390625 0.040625 0.2078125
3 0.4609375 0.3671875 0.053125 0.159375
3 0.74375 0.690625 0.05390625 0.2453125
3 0.215625 0.58203125 0.040625 0.2
3 0.24453125 0.53984375 0.04921875 0.19453125
2 0.24609375 0.40546875 0.0421875 0.17109375
2 0.4609375 0.51484375 0.040625 0.18203125
2 0.62890625 0.3328125 0.0390625 0.16875
2 0.684375 0.40234375 0.0296875 0.13671875
2 0.78515625 0.45625 0.04609375 0.17578125
1 0.84375 0.30546875 0.025 0.1375
1 0.521875 0.75234375 0.0484375 0.22578125
1 0.0109375 0.38125 0.01640625 0.17421875
0 0.22734375 0.578125 0.021875 0.0484375
4 0.14765625 0.24296875 0.04140625 0.05