0 0.39921875 0.584375 0.02734375 0.0296875
1 0.5890625 0.85546875 0.0875 0.2890625
1 0.73984375 0.35703125 0.05546875 0.18984375
1 0.10546875 0.47109375 0.0703125 0.2234375
2 0.259375 0.459375 0.0546875 0.2
2 0.23984375 0.82109375 0.121875 0.31796875
2 0.64765625 0.4015625 0.06328125 0.24765625
2 0.51640625 0.53125 0.07734375 0.22421875
2 0.78671875 0.74375 0.06953125 0.30546875
3 0.5 0.684375 0.11171875 0.24296875
3 0.43046875 0.4625 0.0640625 0.16953125
3 0.303125 0.5859375 0.07265625 0.2921875
3 0.3 0.4328125 0.053125 0.1015625
4 0.26796875 0.30859375 0.04140625 0.08046875