3 0.60234375 0.6640625 0.07734375 0.17890625
2 0.62421875 0.61171875 0.0453125 0.23203125
0 0.63046875 0.69609375 0.0234375 0.03984375
3 0.25078125 0.45546875 0.0421875 0.20078125
3 0.43125 0.5984375 0.06015625 0.2421875
3 0.93046875 0.65546875 0.0609375 0.26328125
2 0.4609375 0.4625 0.03671875 0.1515625
3 0.4984375 0.36640625 0.040625 0.2
2 0.58671875 0.421875 0.03828125 0.1953125
2 0.79453125 0.60390625 0.065625 0.221875
2 0.52265625 0.5890625 0.04765625 0.22734375
1 0.71484375 0.790625 0.0671875 0.25703125
1 0.72578125 0.4140625 0.0484375 0.16484375
1 0.1234375 0.4359375 0.0609375 0.19609375
4 0.78046875 0.30703125 0.03046875 0.046875