3 0.54375 0.6765625 0.0765625 0.259375
3 0.4390625 0.475 0.0796875 0.14375
3 0.33203125 0.621875 0.05078125 0.2484375
2 0.30234375 0.41640625 0.0390625 0.13359375
3 0.328125 0.45078125 0.05 0.0828125
2 0.81015625 0.759375 0.05390625 0.278125
2 0.29375 0.83203125 0.08046875 0.27578125
2 0.5859375 0.559375 0.05859375 0.2453125
2 0.69609375 0.44375 0.0484375 0.2296875
3 0.86953125 0.53671875 0.071875 0.2390625
1 0.628125 0.86953125 0.08203125 0.2609375
1 0.77421875 0.36328125 0.05078125 0.1984375
1 0.13125 0.48671875 0.0484375 0.20859375
4 0.290625 0.32265625 0.04140625 0.065625