2 0.628125 0.63515625 0.0921875 0.22734375
0 0.6296875 0.6421875 0.0265625 0.0328125
1 0.4328125 0.75078125 0.06484375 0.26953125
1 0.61640625 0.309375 0.0375 0.1375
2 0.703125 0.43515625 0.04921875 0.19375
3 0.51171875 0.5671875 0.05546875 0.14375
2 0.55390625 0.48828125 0.06328125 0.184375
3 0.41640625 0.4765625 0.05078125 0.22109375
2 0.440625 0.36640625 0.03984375 0.2046875
2 0.12890625 0.3296875 0.0390625 0.190625
3 0.3265625 0.38046875 0.0359375 0.21875
3 0.171875 0.38828125 0.0390625 0.21171875
3 0.50703125 0.409375 0.04453125 0.17421875
4 0.11328125 0.23828125 0.0421875 0.03828125