3 0.253125 0.57265625 0.0421875 0.2421875
3 0.23984375 0.41484375 0.03125 0.1078125
3 0.228125 0.34453125 0.03359375 0.11875
2 0.26640625 0.4203125 0.0375 0.109375
0 0.265625 0.396875 0.0265625 0.03828125
1 0.0234375 0.3921875 0.03984375 0.2046875
2 0.6359375 0.37109375 0.04921875 0.2
1 0.68125 0.31953125 0.02421875 0.15625
1 0.3828125 0.7484375 0.06484375 0.23671875
3 0.19921875 0.50859375 0.05234375 0.26171875
2 0.3984375 0.434375 0.04609375 0.19609375
3 0.43046875 0.46796875 0.04765625 0.19921875
2 0.334375 0.290625 0.0484375 0.18359375
2 0.52109375 0.4453125 0.034375 0.21484375
4 0.17109375 0.24296875 0.03828125 0.02265625