1 0.28359375 0.421875 0.0546875 0.1859375
1 0.8375 0.69609375 0.06484375 0.23984375
3 0.43203125 0.58671875 0.05625 0.25234375
3 0.88984375 0.64453125 0.05234375 0.23359375
3 0.4796875 0.35 0.04453125 0.16640625
3 0.53984375 0.3828125 0.04609375 0.1546875
2 0.8171875 0.528125 0.0765625 0.17578125
3 0.834375 0.421875 0.04296875 0.20859375
2 0.7578125 0.428125 0.059375 0.203125
2 0.54609375 0.5546875 0.04453125 0.253125
2 0.59453125 0.4265625 0.05078125 0.2140625
4 0.8046875 0.26640625 0.0265625 0.04375