2 0.73671875 0.5203125 0.04609375 0.234375
3 0.7796875 0.46796875 0.053125 0.1953125
2 0.859375 0.471875 0.0546875 0.21640625
1 0.82421875 0.38359375 0.04375 0.17890625
0 0.8328125 0.31875 0.01484375 0.0265625
3 0.21484375 0.61875 0.0390625 0.2734375
3 0.5796875 0.76171875 0.090625 0.328125
3 0.4609375 0.421875 0.05390625 0.1953125
3 0.75 0.39921875 0.04375 0.1265625
2 0.890625 0.6421875 0.0515625 0.2515625
2 0.309375 0.51640625 0.040625 0.2546875
1 0.753125 0.721875 0.0578125 0.28984375
1 0.2515625 0.43828125 0.0453125 0.2046875
4 0.87421875 0.2671875 0.03359375 0.04765625