1 0.41796875 0.75078125 0.0640625 0.2609375
0 0.38984375 0.6484375 0.01953125 0.03203125
2 0.6859375 0.4375 0.0484375 0.19765625
2 0.478125 0.4109375 0.0421875 0.19140625
2 0.56484375 0.478125 0.0609375 0.284375
2 0.41875 0.6078125 0.05 0.12265625
2 0.19453125 0.25234375 0.04296875 0.1296875
3 0.509375 0.45078125 0.0515625 0.17890625
3 0.46328125 0.59765625 0.071875 0.21796875
3 0.35703125 0.51484375 0.0859375 0.2234375
3 0.33671875 0.36015625 0.0578125 0.1328125
3 0.190625 0.42265625 0.07109375 0.21484375
1 0.6546875 0.32421875 0.04296875 0.1625
1 0.01484375 0.35390625 0.0296875 0.1578125