1 0.1 0.44296875 0.04375 0.20390625
1 0.7484375 0.8328125 0.06015625 0.23984375
1 0.90703125 0.36015625 0.0421875 0.14140625
2 0.9484375 0.4875 0.07421875 0.20625
2 0.63671875 0.4875 0.05703125 0.20625
2 0.284375 0.55625 0.06328125 0.24609375
3 0.52890625 0.50546875 0.059375 0.2421875
2 0.55234375 0.36328125 0.0390625 0.1609375
3 0.34453125 0.55 0.0609375 0.23359375
3 0.715625 0.4734375 0.0640625 0.24296875
3 0.7984375 0.4890625 0.0703125 0.24609375
3 0.57734375 0.41796875 0.053125 0.20625
4 0.23046875 0.30703125 0.0296875 0.04453125