3 0.21328125 0.59609375 0.0515625 0.23828125
3 0.4 0.4890625 0.05 0.228125
3 0.17890625 0.44453125 0.05 0.22578125
3 0.21953125 0.41796875 0.040625 0.1140625
3 0.2359375 0.30625 0.046875 0.10703125
2 0.40390625 0.2828125 0.0515625 0.16171875
2 0.49765625 0.43984375 0.04921875 0.23046875
2 0.584375 0.365625 0.04609375 0.19375
2 0.26171875 0.44296875 0.04140625 0.2375
2 0.31328125 0.47578125 0.0359375 0.20546875
1 0.65546875 0.328125 0.0640625 0.2109375
1 0.35703125 0.74921875 0.07109375 0.24453125
4 0.14296875 0.23828125 0.0328125 0.0265625
0 0.1640625 0.22734375 0.0171875 0.0375