1 0.621875 0.8296875 0.065625 0.25078125
1 0.7984375 0.34765625 0.05546875 0.1671875
1 0.05234375 0.421875 0.053125 0.228125
2 0.19375 0.53515625 0.06640625 0.24609375
3 0.4453125 0.47578125 0.046875 0.20546875
2 0.5 0.44140625 0.0578125 0.2015625
2 0.76640625 0.5109375 0.07421875 0.23515625
2 0.925 0.49140625 0.0578125 0.190625
2 0.44453125 0.3484375 0.02421875 0.12265625
3 0.26640625 0.553125 0.06796875 0.23515625
3 0.7 0.49609375 0.0625 0.21015625
3 0.6171875 0.49921875 0.06953125 0.225
3 0.4640625 0.38359375 0.03203125 0.11875
0 0.89140625 0.4765625 0.021875 0.03984375
4 0.18046875 0.30390625 0.0328125 0.05625