3 0.25078125 0.5609375 0.04765625 0.20390625
3 0.2265625 0.43359375 0.04140625 0.18046875
2 0.26796875 0.4125 0.03515625 0.13828125
3 0.2265625 0.328125 0.02734375 0.109375
0 0.2625 0.3453125 0.021875 0.0609375
2 0.6265625 0.37109375 0.04453125 0.1953125
2 0.5171875 0.44609375 0.05234375 0.234375
2 0.378125 0.43203125 0.06328125 0.21640625
2 0.340625 0.2828125 0.03828125 0.1859375
3 0.42421875 0.46171875 0.05390625 0.2375
3 0.1921875 0.4796875 0.04609375 0.22734375
1 0.3828125 0.746875 0.0796875 0.265625
1 0.675 0.31640625 0.03984375 0.16953125
1 0.01796875 0.371875 0.03515625 0.19765625
4 0.16640625 0.234375 0.0359375 0.02421875