3 0.21328125 0.4078125 0.0484375 0.18984375
0 0.19921875 0.2421875 0.015625 0.03984375
3 0.11796875 0.40078125 0.04296875 0.25
3 0.2109375 0.6125 0.0578125 0.24296875
3 0.509375 0.56796875 0.0625 0.26015625
3 0.2828125 0.36875 0.05234375 0.19140625
2 0.4203125 0.4390625 0.05859375 0.20625
2 0.6125 0.44609375 0.03671875 0.2390625
2 0.528125 0.30625 0.04765625 0.1953125
2 0.59921875 0.34140625 0.02578125 0.19140625
1 0.40859375 0.7265625 0.06484375 0.2765625
1 0.70859375 0.29296875 0.06015625 0.1875
4 0.14921875 0.23203125 0.03515625 0.04921875