1 0.04453125 0.38125 0.0453125 0.16015625
1 0.4234375 0.7609375 0.03984375 0.24140625
2 0.703125 0.29765625 0.025 0.0984375
3 0.2234375 0.41015625 0.034375 0.14765625
2 0.290625 0.309375 0.02890625 0.1734375
2 0.58046875 0.46171875 0.04296875 0.21015625
3 0.26875 0.540625 0.03125 0.21484375
2 0.2875 0.55703125 0.0390625 0.20546875
2 0.47734375 0.37578125 0.025 0.075
0 0.3046875 0.45 0.01953125 0.03359375
3 0.3140625 0.3828125 0.0234375 0.10234375
3 0.50234375 0.47109375 0.0375 0.20546875
2 0.3 0.55625 0.02109375 0.1765625
4 0.196875 0.25625 0.034375 0.0515625