3 0.29296875 0.3640625 0.05234375 0.12578125
3 0.29609375 0.26953125 0.0296875 0.06171875
3 0.3265625 0.50390625 0.04921875 0.27578125
3 0.66953125 0.34609375 0.05234375 0.22890625
2 0.62734375 0.23125 0.04140625 0.20234375
3 0.646875 0.25859375 0.03359375 0.20625
2 0.81640625 0.55234375 0.06171875 0.28828125
2 0.25859375 0.6765625 0.07421875 0.27421875
2 0.1375 0.5328125 0.06328125 0.3015625
1 0.5609375 0.69921875 0.0953125 0.30546875
1 0.7359375 0.20390625 0.0671875 0.1984375
1 0.0984375 0.315625 0.06953125 0.246875
0 0.2484375 0.13203125 0.03515625 0.04609375
4 0.2640625 0.1625 0.04140625 0.05546875