0 0.6390625 0.7015625 0.021875 0.0453125
1 0.62421875 0.30625 0.02578125 0.14765625
1 0.4359375 0.7390625 0.0484375 0.2265625
2 0.6515625 0.59296875 0.0375 0.14765625
3 0.521875 0.54375 0.034375 0.10546875
2 0.55625 0.465625 0.05390625 0.0875
2 0.72109375 0.44765625 0.01953125 0.190625
3 0.425 0.465625 0.02109375 0.19921875
2 0.43125 0.3265625 0.02890625 0.10625
2 0.1296875 0.3390625 0.0296875 0.18203125
3 0.175 0.3796875 0.03203125 0.175
3 0.328125 0.3671875 0.01796875 0.1734375
3 0.51953125 0.40390625 0.0265625 0.14921875
4 0.11796875 0.24140625 0.0296875 0.0515625