3 0.21640625 0.39765625 0.05 0.18828125
0 0.19453125 0.23671875 0.01875 0.04296875
3 0.1203125 0.40234375 0.04765625 0.234375
3 0.20859375 0.61015625 0.06015625 0.2390625
3 0.50703125 0.56875 0.06953125 0.24296875
3 0.2828125 0.359375 0.059375 0.18125
2 0.425 0.43203125 0.06328125 0.21640625
2 0.521875 0.29765625 0.04453125 0.1734375
2 0.61015625 0.42734375 0.03203125 0.234375
2 0.60390625 0.2984375 0.03515625 0.096875
1 0.70546875 0.27890625 0.040625 0.16875
1 0.40234375 0.7265625 0.06796875 0.271875
4 0.15078125 0.23203125 0.0375 0.05390625