2 0.50078125 0.6609375 0.05234375 0.178125
0 0.4859375 0.70234375 0.025 0.0375
3 0.39375 0.5 0.04296875 0.175
3 0.3390625 0.40234375 0.0375 0.159375
3 0.18125 0.4046875 0.0265625 0.1796875
2 0.459375 0.39140625 0.0359375 0.18046875
3 0.50625 0.42265625 0.0328125 0.14453125
3 0.49140625 0.54296875 0.0390625 0.0703125
2 0.1625 0.2953125 0.025 0.09453125
2 0.559375 0.4890625 0.05078125 0.2078125
2 0.6875 0.43125 0.03515625 0.16328125
1 0.4203125 0.76328125 0.053125 0.2109375
1 0.63125 0.3078125 0.028125 0.1375
4 0.1234375 0.25625 0.03671875 0.05234375