3 0.225 0.61640625 0.07265625 0.29765625
0 0.26015625 0.59921875 0.021875 0.05
3 0.0484375 0.4 0.06796875 0.24375
3 0.67578125 0.46328125 0.046875 0.2
3 0.48828125 0.259375 0.04609375 0.16640625
3 0.31875 0.5234375 0.0625 0.2453125
2 0.4109375 0.57578125 0.0671875 0.2203125
2 0.62265625 0.4390625 0.06796875 0.215625
2 0.5296875 0.3125 0.0359375 0.1703125
2 0.35390625 0.44296875 0.04296875 0.25078125
2 0.42109375 0.46875 0.06015625 0.20625
1 0.60078125 0.7078125 0.0640625 0.23828125
1 0.67421875 0.26171875 0.05546875 0.153125
4 0.790625 0.19375 0.0296875 0.0484375