3 0.215625 0.396875 0.0328125 0.13984375
3 0.221875 0.29921875 0.0390625 0.1078125
0 0.246875 0.2546875 0.01953125 0.03203125
3 0.1921875 0.4625 0.040625 0.2109375
3 0.22578125 0.56640625 0.04296875 0.23828125
3 0.39296875 0.4671875 0.05625 0.20625
2 0.6015625 0.35625 0.04921875 0.165625
2 0.50078125 0.43671875 0.04765625 0.22421875
2 0.32890625 0.40859375 0.05546875 0.23359375
2 0.3734375 0.271875 0.05078125 0.1875
2 0.26640625 0.4625 0.05625 0.20625
1 0.36484375 0.7296875 0.09375 0.26484375
1 0.6625 0.29921875 0.04921875 0.1625
4 0.153125 0.225 0.034375 0.02890625