2 0.73203125 0.4703125 0.06015625 0.2125
0 0.71640625 0.43203125 0.02109375 0.0484375
1 0.60546875 0.3265625 0.04609375 0.1578125
1 0.41953125 0.76171875 0.08125 0.2640625
2 0.61484375 0.5046875 0.06484375 0.19375
3 0.509375 0.51484375 0.04453125 0.121875
2 0.521875 0.49453125 0.046875 0.21484375
2 0.3734375 0.35703125 0.05546875 0.18125
2 0.08203125 0.38984375 0.06015625 0.25078125
3 0.3140625 0.40078125 0.04765625 0.2171875
3 0.14453125 0.4234375 0.046875 0.22109375
3 0.41796875 0.47421875 0.046875 0.225
3 0.52109375 0.36171875 0.05546875 0.09296875
4 0.096875 0.2515625 0.0421875 0.03515625