3 0.6765625 0.64296875 0.07421875 0.20703125
2 0.60234375 0.58203125 0.05390625 0.21484375
0 0.65078125 0.665625 0.0203125 0.0359375
3 0.4640625 0.553125 0.053125 0.24375
3 0.33125 0.43984375 0.0375 0.19765625
2 0.51875 0.47109375 0.0578125 0.21875
3 0.5203125 0.3359375 0.0484375 0.1390625
2 0.8546875 0.58671875 0.06328125 0.21484375
2 0.6296875 0.4109375 0.04921875 0.15
2 0.725 0.60625 0.0546875 0.18828125
1 0.1890625 0.415625 0.06015625 0.1734375
1 0.76328125 0.3953125 0.0546875 0.16484375
1 0.765625 0.76484375 0.07578125 0.24609375
4 0.80625 0.29375 0.02734375 0.05