3 0.11796875 0.44375 0.05546875 0.2109375
3 0.740625 0.70078125 0.053125 0.24765625
2 0.4546875 0.4953125 0.06015625 0.22109375
3 0.4640625 0.3640625 0.04765625 0.15859375
3 0.20078125 0.57578125 0.0578125 0.215625
3 0.24765625 0.5421875 0.04921875 0.190625
2 0.78125 0.4375 0.0515625 0.20234375
2 0.6796875 0.39375 0.059375 0.18046875
2 0.62265625 0.3296875 0.04921875 0.190625
2 0.23828125 0.39375 0.05234375 0.13359375
1 0.51640625 0.74375 0.071875 0.2328125
1 0.8390625 0.3109375 0.0421875 0.21015625
4 0.15078125 0.246875 0.03359375 0.06015625