3 0.125 0.63203125 0.0484375 0.22578125
3 0.49375 0.74609375 0.06328125 0.2875
3 0.68828125 0.49375 0.071875 0.2453125
3 0.46171875 0.41875 0.0453125 0.20234375
1 0.75703125 0.33203125 0.040625 0.18125
3 0.79140625 0.34375 0.040625 0.1453125
1 0.77890625 0.746875 0.05703125 0.28984375
1 0.2578125 0.415625 0.04453125 0.1953125
2 0.875 0.6109375 0.0578125 0.25
2 0.77890625 0.53671875 0.05703125 0.23046875
2 0.8765625 0.39375 0.04140625 0.2171875
2 0.17109375 0.51328125 0.0625 0.2390625
4 0.8828125 0.2484375 0.028125 0.05234375