0 0.23828125 0.71484375 0.025 0.0546875
1 0.5921875 0.67578125 0.0671875 0.16640625
1 0.6734375 0.2453125 0.03359375 0.14765625
3 0.1859375 0.62890625 0.08203125 0.29453125
3 0.02109375 0.39375 0.0421875 0.28125
3 0.29921875 0.48125 0.0765625 0.253125
2 0.6078125 0.4140625 0.06171875 0.215625
3 0.64609375 0.425 0.0546875 0.20546875
3 0.5140625 0.24765625 0.04140625 0.165625
2 0.39765625 0.55859375 0.06875 0.2328125
2 0.5359375 0.28828125 0.0453125 0.20078125
2 0.44140625 0.46171875 0.08515625 0.21953125
2 0.3765625 0.4015625 0.05546875 0.17734375
4 0.82734375 0.171875 0.02890625 0.04453125