1 0.028125 0.3828125 0.03984375 0.18671875
1 0.3921875 0.746875 0.0546875 0.225
1 0.6890625 0.3078125 0.0234375 0.1515625
2 0.325 0.29140625 0.04296875 0.15546875
2 0.425 0.42578125 0.03203125 0.1703125
2 0.5390625 0.45234375 0.04140625 0.20390625
3 0.21328125 0.515625 0.0296875 0.2390625
3 0.25234375 0.4390625 0.0328125 0.140625
2 0.26640625 0.475 0.0265625 0.09765625
3 0.22578125 0.35234375 0.03984375 0.11484375
3 0.2796875 0.5546875 0.04453125 0.1875
4 0.1828125 0.24921875 0.034375 0.05703125