3 0.215625 0.37109375 0.0375 0.10703125
3 0.22578125 0.3203125 0.0375 0.12109375
0 0.2421875 0.24140625 0.0171875 0.03828125
3 0.19609375 0.45703125 0.06171875 0.2140625
3 0.2359375 0.55234375 0.04765625 0.2375
3 0.39609375 0.46171875 0.04375 0.2
2 0.278125 0.434375 0.0453125 0.1828125
2 0.321875 0.4140625 0.046875 0.20703125
2 0.496875 0.428125 0.04765625 0.225
2 0.59921875 0.33984375 0.0515625 0.225
2 0.37109375 0.2734375 0.04140625 0.18515625
1 0.66015625 0.3015625 0.04375 0.1671875
1 0.36953125 0.73046875 0.07265625 0.25625
4 0.15234375 0.23046875 0.03515625 0.05078125