3 0.21953125 0.384375 0.034375 0.096875
3 0.2140625 0.28984375 0.03359375 0.084375
2 0.26484375 0.41328125 0.04296875 0.14921875
0 0.26640625 0.32109375 0.02734375 0.03515625
3 0.18359375 0.46875 0.0625 0.2328125
3 0.3953125 0.46015625 0.05234375 0.2203125
3 0.2328125 0.56640625 0.06171875 0.24296875
2 0.33984375 0.4203125 0.04140625 0.2109375
2 0.49921875 0.4203125 0.0625 0.2484375
2 0.609375 0.35859375 0.06171875 0.21640625
2 0.353125 0.2609375 0.053125 0.1328125
1 0.371875 0.73203125 0.10078125 0.278125
1 0.6578125 0.3 0.0390625 0.16015625
4 0.15078125 0.22890625 0.03359375 0.0234375