3 0.23828125 0.56171875 0.0515625 0.24375
2 0.26796875 0.4078125 0.0484375 0.1765625
3 0.21796875 0.31015625 0.04765625 0.115625
0 0.26875 0.3328125 0.02265625 0.0390625
1 0.3703125 0.7390625 0.06875 0.2734375
2 0.61875 0.37734375 0.0453125 0.22578125
1 0.66640625 0.30703125 0.0515625 0.17734375
2 0.50703125 0.42421875 0.0765625 0.2328125
2 0.3640625 0.42734375 0.06171875 0.20546875
2 0.35390625 0.27109375 0.0515625 0.134375
3 0.1875 0.47421875 0.05390625 0.22578125
3 0.403125 0.45390625 0.05546875 0.2359375