3 0.15703125 0.39921875 0.05546875 0.23671875
2 0.21015625 0.3765625 0.034375 0.25234375
0 0.21484375 0.209375 0.02265625 0.0296875
1 0.67734375 0.29921875 0.04453125 0.2
1 0.38515625 0.73828125 0.0859375 0.2484375
1 0.0109375 0.3703125 0.02109375 0.190625
2 0.40703125 0.43125 0.05625 0.23203125
2 0.5515625 0.4546875 0.04609375 0.24296875
2 0.48671875 0.29375 0.03984375 0.19375
2 0.59375 0.33671875 0.05234375 0.2140625
3 0.446875 0.53203125 0.07109375 0.2484375
3 0.21953125 0.60390625 0.084375 0.24375
3 0.2421875 0.4015625 0.04609375 0.20546875
3 0.275 0.3421875 0.05546875 0.17421875
4 0.15625 0.23671875 0.03671875 0.0609375