3 0.21796875 0.45078125 0.05390625 0.12109375
0 0.20703125 0.37265625 0.0203125 0.03671875
3 0.10234375 0.4421875 0.05 0.2453125
3 0.2984375 0.39921875 0.08359375 0.16953125
3 0.2109375 0.61484375 0.07265625 0.2203125
3 0.534375 0.6296875 0.05859375 0.24921875
2 0.4 0.46015625 0.075 0.18203125
2 0.15 0.43046875 0.04296875 0.22890625
2 0.53046875 0.33125 0.06328125 0.1828125
2 0.60546875 0.3625 0.0453125 0.19921875
2 0.66171875 0.446875 0.05546875 0.2203125
1 0.73828125 0.290625 0.04453125 0.15546875
1 0.43515625 0.75 0.05390625 0.2640625
4 0.153125 0.24296875 0.0359375 0.05703125