3 0.24921875 0.5015625 0.0640625 0.28046875
3 0.2421875 0.3859375 0.05 0.13203125
3 0.3015625 0.34765625 0.06640625 0.2171875
3 0.78984375 0.31328125 0.04375 0.209375
3 0.84453125 0.24609375 0.05625 0.20078125
2 0.98359375 0.4296875 0.0328125 0.28125
2 0.48671875 0.68515625 0.090625 0.3203125
2 0.35859375 0.44453125 0.096875 0.2546875
2 0.46875 0.56171875 0.06484375 0.2390625
2 0.74375 0.27265625 0.06953125 0.17421875
1 0.66015625 0.7453125 0.090625 0.31015625
1 0.14140625 0.29296875 0.0609375 0.19609375
4 0.2671875 0.16953125 0.03828125 0.05859375