2 0.4671875 0.6703125 0.059375 0.23359375
1 0.415625 0.76640625 0.07890625 0.2546875
0 0.4640625 0.68125 0.01875 0.03359375
2 0.6828125 0.44921875 0.0453125 0.2125
2 0.5609375 0.5 0.059375 0.2359375
2 0.459375 0.39765625 0.05390625 0.23515625
3 0.38046875 0.525 0.08359375 0.20703125
3 0.17109375 0.415625 0.053125 0.2109375
2 0.16328125 0.3015625 0.03984375 0.14921875
3 0.3375 0.4171875 0.046875 0.1953125
3 0.50703125 0.4375 0.05078125 0.1890625
3 0.496875 0.5515625 0.0671875 0.15
1 0.634375 0.33203125 0.03984375 0.1859375
4 0.1296875 0.25078125 0.0359375 0.040625