2 0.26640625 0.41796875 0.02578125 0.1515625
0 0.26796875 0.325 0.0171875 0.02890625
3 0.39921875 0.46328125 0.028125 0.20546875
1 0.36796875 0.73359375 0.040625 0.2234375
1 0.66171875 0.29609375 0.0171875 0.13671875
2 0.6125 0.35703125 0.02890625 0.16484375
2 0.5046875 0.42890625 0.0265625 0.20234375
2 0.35234375 0.41484375 0.02734375 0.18515625
2 0.353125 0.26953125 0.03046875 0.11484375
3 0.23671875 0.55078125 0.0234375 0.18984375
3 0.1890625 0.4671875 0.02421875 0.18671875
3 0.21484375 0.30078125 0.0328125 0.08046875
4 0.153125 0.2328125 0.0328125 0.04921875