3 0.47734375 0.66953125 0.0953125 0.2046875
2 0.54296875 0.6140625 0.07109375 0.240625
0 0.51796875 0.66328125 0.01953125 0.03671875
1 0.68125 0.8 0.06875 0.27578125
1 0.7171875 0.3984375 0.040625 0.16171875
1 0.08046875 0.434375 0.06640625 0.17421875
3 0.203125 0.4671875 0.0484375 0.22578125
3 0.8578125 0.62421875 0.059375 0.22890625
3 0.50546875 0.36953125 0.04453125 0.1734375
3 0.4265625 0.6078125 0.065625 0.21015625
2 0.7578125 0.58515625 0.0625 0.23046875
2 0.57578125 0.42890625 0.04765625 0.1859375
2 0.41484375 0.45859375 0.065625 0.12109375
2 0.4765625 0.55859375 0.05546875 0.1578125
4 0.78125 0.296875 0.02734375 0.04921875