3 0.20625 0.6359375 0.06796875 0.271875
3 0.58125 0.77109375 0.09921875 0.2921875
3 0.45234375 0.4453125 0.05 0.2234375
2 0.7265625 0.528125 0.05234375 0.23984375
3 0.778125 0.48984375 0.05078125 0.2015625
3 0.75078125 0.396875 0.03984375 0.12265625
2 0.8828125 0.64765625 0.0546875 0.25703125
2 0.31796875 0.52890625 0.04375 0.23359375
2 0.84921875 0.4890625 0.06015625 0.2546875
1 0.75 0.7296875 0.0671875 0.278125
1 0.25703125 0.4421875 0.053125 0.23046875
1 0.81796875 0.396875 0.03984375 0.18671875
4 0.871875 0.27578125 0.03515625 0.05078125