2 0.31796875 0.428125 0.05234375 0.1703125
3 0.33359375 0.59921875 0.0546875 0.24453125
0 0.31015625 0.403125 0.0234375 0.0421875
1 0.64609375 0.8609375 0.0609375 0.27734375
1 0.796875 0.38046875 0.04921875 0.20546875
1 0.1375 0.47734375 0.0609375 0.21875
2 0.3234375 0.84140625 0.0734375 0.3171875
2 0.81875 0.75859375 0.0671875 0.2796875
2 0.71796875 0.43359375 0.04140625 0.2140625
2 0.62890625 0.58046875 0.08828125 0.253125
3 0.446875 0.4515625 0.0703125 0.1859375
3 0.90703125 0.5484375 0.06953125 0.24453125
3 0.56953125 0.66796875 0.078125 0.284375
3 0.34609375 0.45078125 0.06953125 0.1546875
4 0.30078125 0.32734375 0.04453125 0.07578125