1 0.42578125 0.7453125 0.07421875 0.259375
1 0.60859375 0.29609375 0.0609375 0.16953125
2 0.725 0.4421875 0.059375 0.21328125
2 0.6578125 0.57734375 0.08828125 0.2328125
3 0.51640625 0.54765625 0.06328125 0.1125
2 0.54296875 0.503125 0.07578125 0.15390625
3 0.41484375 0.4515625 0.0484375 0.240625
2 0.40234375 0.3125 0.04921875 0.15703125
2 0.11328125 0.36015625 0.0484375 0.20078125
3 0.51484375 0.39296875 0.04765625 0.16953125
3 0.3171875 0.36640625 0.05390625 0.21796875
3 0.15703125 0.3875 0.0640625 0.2515625
0 0.653125 0.54375 0.021875 0.04453125
4 0.103125 0.23671875 0.03984375 0.0546875