1 0.14140625 0.490625 0.0578125 0.221875
1 0.65078125 0.8703125 0.0640625 0.25859375
1 0.79375 0.3734375 0.05078125 0.190625
3 0.92421875 0.56484375 0.075 0.271875
3 0.57421875 0.66796875 0.06796875 0.275
3 0.3453125 0.60546875 0.0625 0.22421875
3 0.453125 0.44375 0.06796875 0.2109375
2 0.32109375 0.42421875 0.04375 0.1859375
3 0.35390625 0.45234375 0.0984375 0.13515625
2 0.8140625 0.7546875 0.0734375 0.28671875
2 0.63515625 0.56875 0.0765625 0.2671875
2 0.7203125 0.440625 0.04375 0.2375
2 0.321875 0.83515625 0.07578125 0.30390625
0 0.31484375 0.39296875 0.02578125 0.034375
4 0.3 0.3296875 0.03671875 0.07109375