3 0.49375 0.3296875 0.04453125 0.16875
0 0.5296875 0.23671875 0.01484375 0.04296875
1 0.3125 0.36796875 0.046875 0.1890625
1 0.87578125 0.69296875 0.05859375 0.24609375
1 0.7625 0.35859375 0.05390625 0.15234375
2 0.9046875 0.5484375 0.06015625 0.20703125
2 0.6953125 0.55703125 0.05234375 0.2109375
2 0.60625 0.41953125 0.04765625 0.20390625
3 0.6359375 0.42890625 0.0375 0.13515625
2 0.68359375 0.4296875 0.04375 0.09921875
2 0.64609375 0.3546875 0.04765625 0.084375
3 0.6359375 0.58359375 0.07890625 0.26328125
3 0.79921875 0.44609375 0.03203125 0.2015625
4 0.81640625 0.25234375 0.0375 0.059375