2 0.7890625 0.61015625 0.08046875 0.30703125
2 0.590625 0.25703125 0.04609375 0.22578125
3 0.2890625 0.38125 0.03125 0.234375
3 0.31015625 0.415625 0.03359375 0.22890625
2 0.33515625 0.34296875 0.034375 0.171875
2 0.22734375 0.71640625 0.06953125 0.29296875
2 0.13203125 0.51015625 0.04765625 0.2921875
1 0.55390625 0.7484375 0.08359375 0.3203125
1 0.728125 0.25 0.04921875 0.20234375
1 0.08203125 0.35546875 0.05625 0.24296875
3 0.334375 0.55 0.06484375 0.2796875
3 0.61796875 0.3703125 0.05 0.23046875
3 0.64765625 0.2984375 0.03359375 0.20234375
4 0.2546875 0.1984375 0.03984375 0.06953125