2 0.21015625 0.5375 0.03671875 0.2328125
2 0.46796875 0.3484375 0.02421875 0.11796875
3 0.4671875 0.5046875 0.025 0.1984375
3 0.490625 0.4359375 0.03671875 0.171875
2 0.5328125 0.43671875 0.02734375 0.178125
2 0.80078125 0.5109375 0.05703125 0.215625
2 0.946875 0.50234375 0.046875 0.20703125
3 0.28203125 0.5609375 0.0484375 0.23671875
3 0.64140625 0.47734375 0.03046875 0.19453125
3 0.728125 0.471875 0.0296875 0.18359375
1 0.646875 0.82109375 0.03203125 0.2390625
1 0.81953125 0.35390625 0.0171875 0.14609375
1 0.06875 0.425 0.03515625 0.1640625
0 0.9125 0.55234375 0.0171875 0.03515625
4 0.18984375 0.30234375 0.0375 0.03984375