0 0.62734375 0.640625 0.0171875 0.03359375
3 0.4171875 0.475 0.03203125 0.20859375
3 0.51171875 0.41953125 0.0234375 0.16328125
3 0.328125 0.37890625 0.02890625 0.190625
1 0.62109375 0.30234375 0.0265625 0.13125
1 0.43515625 0.74921875 0.03828125 0.22578125
3 0.5203125 0.56171875 0.04765625 0.1109375
2 0.55390625 0.45859375 0.03984375 0.11171875
2 0.6453125 0.5234375 0.0421875 0.00859375
2 0.70546875 0.43671875 0.02109375 0.16875
2 0.4390625 0.32578125 0.03125 0.08828125
4 0.1140625 0.24921875 0.0359375 0.06171875