2 0.97109375 0.4859375 0.05703125 0.19765625
0 0.95546875 0.47109375 0.01796875 0.03359375
1 0.65859375 0.80234375 0.05859375 0.2515625
2 0.83359375 0.4875 0.0703125 0.215625
1 0.82890625 0.33515625 0.04453125 0.1375
1 0.06484375 0.41171875 0.0453125 0.1984375
2 0.21171875 0.5375 0.06171875 0.24140625
2 0.47421875 0.3296875 0.03671875 0.11796875
3 0.5046875 0.41015625 0.02734375 0.171875
2 0.54609375 0.434375 0.053125 0.21171875
3 0.734375 0.4828125 0.03359375 0.23359375
3 0.64765625 0.4828125 0.07109375 0.2203125
3 0.46796875 0.484375 0.03984375 0.21328125
3 0.28203125 0.54453125 0.06484375 0.240625
4 0.1875 0.28515625 0.03671875 0.03515625