2 0.109375 0.3625 0.028125 0.190625
2 0.4 0.32578125 0.03203125 0.1375
2 0.39921875 0.3421875 0.0265625 0.15625
2 0.7296875 0.44375 0.0234375 0.17890625
2 0.65078125 0.53671875 0.0453125 0.19765625
2 0.5453125 0.475 0.05390625 0.06484375
3 0.15546875 0.39609375 0.034375 0.20390625
3 0.31640625 0.36015625 0.025 0.1828125
3 0.41875 0.453125 0.03046875 0.2203125
3 0.521875 0.390625 0.0265625 0.11875
1 0.4234375 0.73359375 0.04921875 0.23984375
1 0.6125 0.30546875 0.02890625 0.1375
0 0.66171875 0.4890625 0.02265625 0.0421875
4 0.103125 0.23828125 0.03671875 0.05703125