2 0.15546875 0.4171875 0.04453125 0.221875
3 0.2109375 0.4421875 0.06171875 0.125
0 0.20546875 0.33203125 0.02734375 0.03359375
3 0.11171875 0.44375 0.05390625 0.21484375
3 0.2 0.6125 0.07265625 0.25625
3 0.534375 0.6140625 0.06796875 0.2734375
3 0.30859375 0.4 0.0671875 0.175
2 0.40859375 0.4609375 0.0625 0.1671875
2 0.53359375 0.3203125 0.04921875 0.18671875
2 0.6015625 0.36171875 0.04375 0.18984375
2 0.65625 0.44609375 0.04921875 0.24375
1 0.43359375 0.75234375 0.0671875 0.2453125
1 0.7328125 0.28671875 0.06875 0.175
4 0.1546875 0.246875 0.0390625 0.065625