2 0.47265625 0.65859375 0.0625 0.20546875
1 0.41640625 0.775 0.0765625 0.24296875
0 0.4453125 0.67421875 0.0203125 0.028125
2 0.68203125 0.44609375 0.07265625 0.21328125
2 0.5640625 0.49375 0.0765625 0.21875
2 0.46640625 0.4140625 0.05546875 0.215625
3 0.17890625 0.425 0.05234375 0.20546875
2 0.16953125 0.3046875 0.0390625 0.11796875
3 0.4765625 0.55546875 0.0875 0.1515625
3 0.50859375 0.44765625 0.03046875 0.18125
3 0.38046875 0.52421875 0.06484375 0.1875
3 0.3390625 0.41796875 0.04765625 0.1734375
1 0.64140625 0.31953125 0.040625 0.17578125
4 0.13125 0.26015625 0.03515625 0.0515625