0 0.1765625 0.21015625 0.0203125 0.0359375
1 0.3609375 0.7390625 0.0625 0.25625
1 0.65234375 0.30625 0.040625 0.16484375
3 0.21015625 0.5984375 0.05625 0.22890625
3 0.3984375 0.4984375 0.0546875 0.225
3 0.178125 0.43125 0.06015625 0.1953125
3 0.2203125 0.43046875 0.034375 0.1265625
3 0.2390625 0.31796875 0.03359375 0.12578125
2 0.409375 0.29453125 0.03984375 0.18203125
2 0.33203125 0.46796875 0.04140625 0.20703125
2 0.51171875 0.44921875 0.04609375 0.2453125
2 0.58203125 0.36796875 0.040625 0.20234375
2 0.2625 0.4390625 0.040625 0.215625