3 0.21953125 0.440625 0.06171875 0.11953125
0 0.20703125 0.3484375 0.02109375 0.04140625
2 0.4078125 0.45546875 0.053125 0.171875
2 0.15234375 0.415625 0.05546875 0.25703125
2 0.5296875 0.31796875 0.059375 0.17109375
2 0.6078125 0.3625 0.053125 0.18671875
2 0.65859375 0.446875 0.0625 0.23359375
1 0.74140625 0.2953125 0.046875 0.1734375
1 0.4328125 0.74296875 0.05390625 0.246875
3 0.10546875 0.44296875 0.0515625 0.2265625
3 0.30078125 0.39375 0.06953125 0.15859375
3 0.20703125 0.60390625 0.0828125 0.2375
3 0.53203125 0.62578125 0.065625 0.24140625
4 0.1578125 0.2484375 0.03671875 0.06640625