2 0.375 0.62109375 0.0546875 0.21796875
3 0.33828125 0.50625 0.059375 0.22890625
0 0.359375 0.61328125 0.01875 0.0359375
2 0.7171875 0.40859375 0.03515625 0.20546875
2 0.596875 0.46796875 0.0609375 0.23671875
3 0.5359375 0.4328125 0.0578125 0.19375
2 0.51328125 0.40625 0.0265625 0.2140625
3 0.23046875 0.40859375 0.046875 0.20078125
2 0.25234375 0.26015625 0.04375 0.13984375
3 0.36796875 0.40703125 0.04296875 0.203125
3 0.434375 0.55078125 0.05625 0.1515625
1 0.45 0.74921875 0.0671875 0.24765625
1 0.696875 0.31171875 0.04375 0.17890625
1 0.05703125 0.340625 0.05625 0.14296875
4 0.19375 0.2296875 0.03359375 0.0421875