0 0.2515625 0.12890625 0.02890625 0.04453125
1 0.1078125 0.30859375 0.0375 0.24140625
1 0.57578125 0.70703125 0.0734375 0.30234375
1 0.7453125 0.20234375 0.0453125 0.1875
2 0.8296875 0.53203125 0.0609375 0.29921875
2 0.28359375 0.67578125 0.07421875 0.26328125
2 0.1515625 0.5359375 0.0734375 0.26171875
2 0.63671875 0.2265625 0.03828125 0.20703125
3 0.32734375 0.4875 0.0640625 0.2625
3 0.29921875 0.33203125 0.0515625 0.07578125
2 0.3375 0.3234375 0.0421875 0.1140625
3 0.6875 0.325 0.0703125 0.24140625
3 0.66015625 0.24765625 0.04609375 0.18984375
3 0.296875 0.2625 0.03984375 0.0671875
4 0.27109375 0.1578125 0.0390625 0.0578125