2 0.128125 0.34921875 0.046875 0.20625
3 0.16953125 0.39296875 0.0515625 0.19296875
3 0.32265625 0.37890625 0.053125 0.21015625
3 0.4171875 0.471875 0.05078125 0.2390625
3 0.52109375 0.55 0.06015625 0.12734375
3 0.51328125 0.421875 0.0625 0.190625
2 0.7140625 0.43203125 0.05546875 0.225
2 0.64453125 0.63046875 0.09296875 0.2234375
2 0.5484375 0.49921875 0.065625 0.1875
2 0.43984375 0.353125 0.04375 0.1640625
1 0.4359375 0.7640625 0.07734375 0.2640625
1 0.61875 0.31796875 0.06484375 0.2046875
0 0.6375 0.66015625 0.02421875 0.0421875
4 0.1140625 0.2421875 0.03046875 0.0609375