2 0.6609375 0.390625 0.053125 0.1734375
1 0.69609375 0.3140625 0.0484375 0.17421875
1 0.4078125 0.74453125 0.08125 0.25703125
1 0.03671875 0.3765625 0.05234375 0.18828125
2 0.32890625 0.3015625 0.05625 0.20390625
2 0.43203125 0.384375 0.04921875 0.165625
2 0.55 0.45078125 0.0625 0.21640625
3 0.2890625 0.5578125 0.04375 0.1890625
3 0.21953125 0.5140625 0.0359375 0.26796875
2 0.26875 0.50703125 0.02734375 0.1515625
3 0.22734375 0.34140625 0.0375 0.13203125
3 0.4625 0.46015625 0.05703125 0.19765625
3 0.26953125 0.4 0.040625 0.12890625
4 0.18828125 0.2359375 0.034375 0.03828125