3 0.30078125 0.54296875 0.06328125 0.24296875
2 0.315625 0.58984375 0.07109375 0.2125
0 0.30390625 0.53515625 0.02421875 0.05234375
2 0.7109375 0.40859375 0.05 0.1921875
1 0.70234375 0.2796875 0.05546875 0.0875
2 0.590625 0.45703125 0.0640625 0.2515625
3 0.53203125 0.45 0.0890625 0.21015625
2 0.4984375 0.3546875 0.040625 0.09375
2 0.27578125 0.2921875 0.06015625 0.16796875
3 0.39296875 0.57265625 0.0703125 0.20078125
3 0.340625 0.409375 0.0578125 0.20703125
3 0.225 0.4109375 0.06171875 0.23359375
1 0.4421875 0.73203125 0.0765625 0.278125
1 0.053125 0.346875 0.04921875 0.16015625
4 0.20078125 0.23203125 0.034375 0.02421875