1 0.04453125 0.34140625 0.03125 0.14453125
1 0.446875 0.753125 0.05390625 0.25
1 0.68984375 0.31796875 0.02265625 0.153125
0 0.3640625 0.65546875 0.02734375 0.03359375
3 0.225 0.41171875 0.04296875 0.1921875
3 0.353125 0.49609375 0.05390625 0.171875
2 0.3953125 0.6328125 0.04453125 0.19453125
3 0.45 0.5625 0.03984375 0.16484375
3 0.359375 0.37265625 0.03046875 0.14296875
2 0.50703125 0.40859375 0.01875 0.17265625
3 0.53046875 0.43203125 0.03203125 0.1734375
2 0.24453125 0.2828125 0.025 0.12421875
2 0.59375 0.4734375 0.0359375 0.209375
2 0.71640625 0.4109375 0.0265625 0.178125
4 0.18515625 0.23828125 0.0359375 0.05078125