1 0.421875 0.7796875 0.07890625 0.2671875
2 0.42578125 0.6125 0.05546875 0.1171875
0 0.4 0.6484375 0.01875 0.04140625
2 0.68125 0.4453125 0.04921875 0.21484375
2 0.56171875 0.4875 0.06875 0.2484375
2 0.4734375 0.415625 0.0515625 0.19140625
3 0.1875 0.42734375 0.04375 0.196875
2 0.18671875 0.28359375 0.03984375 0.121875
3 0.33125 0.38046875 0.05859375 0.121875
3 0.36171875 0.50625 0.0765625 0.23359375
3 0.478125 0.5890625 0.0734375 0.21484375
3 0.50546875 0.45 0.046875 0.17265625
1 0.64765625 0.32890625 0.0421875 0.1484375
4 0.13984375 0.2484375 0.03671875 0.04453125