0 0.36875 0.69140625 0.01796875 0.03515625
3 0.525 0.4484375 0.04296875 0.1921875
3 0.3515625 0.50859375 0.059375 0.20234375
3 0.4640625 0.559375 0.07578125 0.1640625
3 0.36171875 0.37265625 0.040625 0.13828125
3 0.225 0.41015625 0.04296875 0.2140625
2 0.23046875 0.265625 0.0421875 0.10390625
2 0.3984375 0.63828125 0.05 0.21640625
2 0.50546875 0.378125 0.0296875 0.121875
2 0.58671875 0.4671875 0.053125 0.23046875
2 0.69921875 0.40859375 0.05703125 0.20078125
1 0.440625 0.75390625 0.065625 0.23828125
1 0.6765625 0.328125 0.04296875 0.19296875
1 0.03515625 0.3484375 0.05 0.140625
4 0.17890625 0.2375 0.03515625 0.0328125