0 0.81796875 0.1828125 0.01875 0.05
3 0.36640625 0.59296875 0.0625 0.24921875
3 0.82421875 0.6578125 0.04609375 0.20390625
3 0.703125 0.4 0.0390625 0.18828125
3 0.45 0.384375 0.04609375 0.18515625
3 0.54765625 0.39765625 0.03203125 0.18828125
2 0.51640625 0.553125 0.065625 0.20234375
2 0.5828125 0.39921875 0.0375 0.17734375
2 0.6328125 0.44375 0.0609375 0.2015625
2 0.7484375 0.45625 0.06484375 0.22265625
1 0.71328125 0.7015625 0.06171875 0.22109375
1 0.2546875 0.43203125 0.0671875 0.2203125
4 0.7890625 0.27421875 0.02734375 0.04375