3 0.1515625 0.4375 0.05078125 0.23125
3 0.79921875 0.5828125 0.06484375 0.20625
3 0.4984375 0.32734375 0.03515625 0.17734375
3 0.3765625 0.65234375 0.078125 0.20625
3 0.4203125 0.57734375 0.04140625 0.25078125
2 0.71796875 0.53671875 0.0453125 0.2015625
2 0.55078125 0.3796875 0.04140625 0.1703125
2 0.44296875 0.5515625 0.028125 0.21328125
2 0.4796875 0.55234375 0.05546875 0.2421875
2 0.390625 0.4546875 0.04453125 0.2140625
1 0.65234375 0.771875 0.0640625 0.25625
1 0.03046875 0.40078125 0.05234375 0.2171875
1 0.70390625 0.353125 0.03203125 0.16875
4 0.7796875 0.2578125 0.03125 0.0484375