1 0.15 0.4328125 0.05 0.19375
1 0.7359375 0.80078125 0.05703125 0.24921875
1 0.75 0.41640625 0.05703125 0.1890625
3 0.96015625 0.6484375 0.07890625 0.25078125
3 0.4390625 0.57421875 0.06171875 0.23125
3 0.63671875 0.6609375 0.07265625 0.21015625
2 0.48671875 0.48984375 0.0484375 0.22421875
3 0.509375 0.37109375 0.04765625 0.1671875
3 0.2859375 0.46640625 0.059375 0.22421875
2 0.553125 0.58828125 0.06015625 0.23203125
2 0.81328125 0.59921875 0.0734375 0.215625
2 0.61015625 0.44375 0.05078125 0.20625
4 0.79375 0.30859375 0.0328125 0.05390625