2 0.60625 0.63515625 0.05546875 0.171875
0 0.60859375 0.63359375 0.02109375 0.04453125
1 0.43203125 0.7546875 0.04609375 0.23515625
1 0.625 0.315625 0.0234375 0.13984375
2 0.1375 0.3390625 0.028125 0.18203125
3 0.171875 0.38359375 0.025 0.18203125
3 0.3296875 0.38046875 0.01796875 0.209375
3 0.41875 0.48046875 0.0328125 0.17734375
3 0.50859375 0.4296875 0.028125 0.178125
3 0.5234375 0.57421875 0.040625 0.121875
2 0.44375 0.34453125 0.0328125 0.11875
2 0.5546875 0.47109375 0.040625 0.15859375
2 0.696875 0.44609375 0.05234375 0.178125
4 0.1125 0.2453125 0.03828125 0.0578125