3 0.41640625 0.57421875 0.05703125 0.2359375
3 0.8578125 0.6453125 0.053125 0.215625
3 0.47109375 0.3484375 0.04375 0.228125
3 0.52578125 0.36015625 0.04140625 0.16328125
2 0.7640625 0.41171875 0.05078125 0.20703125
3 0.79140625 0.40390625 0.0359375 0.196875
1 0.7953125 0.6875 0.059375 0.23125
1 0.2703125 0.403125 0.053125 0.1859375
1 0.74296875 0.3421875 0.040625 0.1515625
2 0.5328125 0.521875 0.0578125 0.2140625
2 0.809375 0.5171875 0.053125 0.17265625
2 0.590625 0.41015625 0.0375 0.18515625
2 0.55078125 0.3515625 0.03125 0.1796875
4 0.7984375 0.24921875 0.0296875 0.04453125