2 0.60625 0.63203125 0.096875 0.2171875
0 0.60703125 0.6375 0.0265625 0.0421875
3 0.51953125 0.5703125 0.065625 0.1546875
3 0.4171875 0.48203125 0.06015625 0.209375
3 0.51328125 0.41328125 0.0453125 0.2
3 0.32421875 0.37578125 0.0546875 0.1953125
3 0.17734375 0.39140625 0.05703125 0.23125
2 0.13125 0.328125 0.03828125 0.19296875
2 0.43828125 0.325 0.04453125 0.14921875
2 0.55625 0.45390625 0.05859375 0.14375
2 0.69765625 0.4390625 0.06484375 0.215625
1 0.42890625 0.7453125 0.07890625 0.2546875
1 0.62578125 0.31328125 0.04765625 0.1765625